0.712417 0.844827 0.857946 0.823427 0.878733 0.864870 0.604005 0.876121 0.880100 0.874134 0.871245 0.886119 0.538332 0.539263 0.802658 0.832321 0.786923 0.706279 0.835846 0.786505 0.538082 0.805324 0.887098 0.820011 0.685977 0.805288 0.681080 0.841321 0.556239 0.821224 0.601663 0.741840 0.792386 0.619409 0.788199 0.833995 0.847177 0.792026 0.868510 0.868699 0.581937 0.859070 0.891133 0.866798 0.854148 0.878909 0.546037 0.526786 0.752437 0.842954 0.520278 0.520203 0.537236 0.524486 0.794204 0.722301 0.717911 0.884498 0.880497 0.606950 0.599482 0.626310 0.610107 0.534731 0.530088 0.711093 0.717296 0.746408
0.844827 0.959559 0.966457 0.946715 0.975902 0.969811 0.687595 0.974808 0.976464 0.973966 0.972704 0.978838 0.571306 0.573045 0.932255 0.952331 0.919918 0.837532 0.954409 0.919626 0.570796 0.934262 0.979214 0.944481 0.811561 0.934223 0.805033 0.957611 0.604017 0.945274 0.683657 0.877916 0.924351 0.712996 0.920959 0.953312 0.960861 0.924056 0.971489 0.971568 0.649786 0.967014 0.980713 0.970702 0.964555 0.975977 0.585486 0.549897 0.888672 0.958533 0.537830 0.537732 0.569268 0.545675 0.925772 0.856468 0.851340 0.978211 0.976620 0.692549 0.679922 0.724082 0.697775 0.564656 0.556032 0.843258 0.850613 0.882593
0.857946 0.966457 0.972541 0.954957 0.980708 0.975473 0.697904 0.979771 0.981191 0.979052 0.977966 0.983204 0.575651 0.577518 0.941745 0.960029 0.930295 0.850814 0.961880 0.930013 0.575092 0.943616 0.983521 0.952929 0.824902 0.943562 0.818321 0.964736 0.610187 0.953655 0.693812 0.890317 0.934423 0.724230 0.931251 0.960901 0.967616 0.934150 0.976919 0.976984 0.658366 0.973025 0.984785 0.976237 0.970873 0.980771 0.590666 0.552947 0.900685 0.965559 0.540120 0.540056 0.573466 0.548474 0.935753 0.869459 0.864372 0.982672 0.981319 0.703142 0.689945 0.735793 0.708553 0.568590 0.559455 0.856460 0.863680 0.894804
0.823427 0.946715 0.954957 0.931833 0.966541 0.959042 0.671969 0.965186 0.967254 0.964140 0.962572 0.970239 0.564937 0.566494 0.915495 0.938282 0.901861 0.816221 0.940713 0.901566 0.564444 0.917728 0.970716 0.929274 0.790328 0.917682 0.783948 0.944445 0.594746 0.930161 0.668275 0.857251 0.906752 0.695691 0.903030 0.939424 0.948273 0.906434 0.961084 0.961174 0.636889 0.955627 0.972626 0.960126 0.952666 0.966637 0.577831 0.545429 0.868478 0.945513 0.534381 0.534332 0.563004 0.541539 0.908337 0.835248 0.830027 0.969446 0.967446 0.676675 0.664875 0.706210 0.681485 0.558800 0.550994 0.821945 0.829343 0.862113
0.878733 0.975902 0.980708 0.966541 0.986960 0.982982 0.715478 0.986255 0.987321 0.985713 0.984889 0.988815 0.583181 0.585231 0.955419 0.970712 0.945514 0.871847 0.972218 0.945261 0.582570 0.957018 0.989049 0.964857 0.846439 0.956969 0.839894 0.974523 0.620925 0.965463 0.711129 0.909381 0.949109 0.743319 0.946347 0.971423 0.976826 0.948873 0.984091 0.984141 0.673146 0.981085 0.989975 0.983569 0.979401 0.987006 0.599625 0.558267 0.918956 0.975184 0.544161 0.544094 0.580784 0.553352 0.950263 0.889762 0.884902 0.988422 0.987416 0.721056 0.707013 0.755473 0.726794 0.575441 0.565416 0.877309 0.884241 0.913534
0.864870 0.969811 0.975473 0.959042 0.982982 0.978192 0.703626 0.982123 0.983425 0.981470 0.980472 0.985255 0.578122 0.580077 0.946513 0.963821 0.935561 0.857917 0.965548 0.935291 0.577511 0.948317 0.985542 0.957120 0.832068 0.948254 0.825465 0.968216 0.613625 0.957813 0.699444 0.896786 0.939522 0.730382 0.936463 0.964628 0.970900 0.939262 0.979516 0.979570 0.663155 0.975917 0.986688 0.978886 0.973926 0.983037 0.593587 0.554670 0.906913 0.968989 0.541386 0.541382 0.575827 0.550051 0.940810 0.876328 0.871238 0.984770 0.983539 0.709074 0.695545 0.742257 0.714539 0.570796 0.561388 0.863484 0.870597 0.901150
0.604005 0.687595 0.697904 0.671969 0.715478 0.703626 0.549023 0.713186 0.716718 0.711456 0.708938 0.722184 0.517909 0.518350 0.657736 0.678342 0.647518 0.600816 0.680902 0.647349 0.517761 0.659523 0.723097 0.669539 0.589969 0.659535 0.587435 0.684992 0.526271 0.670370 0.547865 0.620466 0.651068 0.556448 0.648333 0.679496 0.689440 0.650825 0.706678 0.706791 0.538461 0.698811 0.726885 0.705199 0.694891 0.715641 0.521483 0.512487 0.626567 0.686221 0.509435 0.509433 0.517372 0.511408 0.652265 0.609493 0.607014 0.720699 0.717081 0.550471 0.546848 0.559835 0.551940 0.516183 0.514028 0.603352 0.606737 0.623104
0.876121 0.974808 0.979771 0.965186 0.986255 0.982123 0.713186 0.985526 0.986632 0.984961 0.984104 0.988188 0.582187 0.584159 0.953785 0.969458 0.943652 0.869206 0.971019 0.943417 0.581578 0.955402 0.988433 0.963461 0.843673 0.955362 0.837173 0.973390 0.619498 0.964067 0.708846 0.907007 0.947340 0.740865 0.944533 0.970196 0.975764 0.947100 0.983275 0.983327 0.671223 0.980162 0.989399 0.982737 0.978421 0.986306 0.598408 0.557587 0.916688 0.974062 0.543641 0.543562 0.579786 0.552699 0.948515 0.887185 0.882334 0.987779 0.986732 0.718699 0.704771 0.752894 0.724375 0.574506 0.564628 0.874682 0.881667 0.911223
0.880100 0.976464 0.981191 0.967254 0.987321 0.983425 0.716718 0.986632 0.987676 0.986102 0.985293 0.989137 0.583740 0.585790 0.956272 0.971362 0.946465 0.873277 0.972846 0.946217 0.583115 0.957853 0.989366 0.965593 0.847890 0.957800 0.841364 0.975113 0.621681 0.966187 0.712351 0.910618 0.950029 0.744638 0.947297 0.972064 0.977377 0.949798 0.984510 0.984559 0.674199 0.981560 0.990271 0.984001 0.979907 0.987367 0.600279 0.558669 0.920134 0.975760 0.544447 0.544395 0.581296 0.553708 0.951174 0.891100 0.886256 0.988752 0.987768 0.722354 0.708238 0.756859 0.728092 0.575928 0.565854 0.878710 0.885607 0.914738
0.874134 0.973966 0.979052 0.964140 0.985713 0.981470 0.711456 0.984961 0.986102 0.984382 0.983501 0.987704 0.581453 0.583443 0.952543 0.968509 0.942270 0.867221 0.970093 0.942019 0.580842 0.954204 0.987956 0.962381 0.841628 0.954151 0.835087 0.972517 0.618434 0.963007 0.707159 0.905230 0.945999 0.738957 0.943144 0.969256 0.974945 0.945756 0.982650 0.982702 0.669753 0.979452 0.988953 0.982096 0.977668 0.985764 0.597557 0.557051 0.914996 0.973210 0.543223 0.543168 0.579075 0.552224 0.947195 0.885295 0.880380 0.987281 0.986203 0.716983 0.703112 0.750997 0.722628 0.573846 0.564041 0.872716 0.879717 0.909460
0.871245 0.972704 0.977966 0.962572 0.984889 0.980472 0.708938 0.984104 0.985293 0.983501 0.982586 0.986967 0.580355 0.582329 0.950687 0.967072 0.940201 0.864263 0.968701 0.939936 0.579764 0.952389 0.987230 0.960767 0.838612 0.952331 0.832050 0.971205 0.616905 0.961414 0.704692 0.902598 0.943996 0.736246 0.941086 0.967843 0.973714 0.943747 0.981698 0.981754 0.667625 0.978381 0.988272 0.981123 0.976532 0.984942 0.596282 0.556273 0.912482 0.971922 0.542648 0.542579 0.578030 0.551525 0.945212 0.882473 0.877527 0.986525 0.985398 0.714402 0.700653 0.748194 0.720031 0.572874 0.563178 0.869795 0.876843 0.906871
0.886119 0.978838 0.983204 0.970239 0.988815 0.985255 0.722184 0.988188 0.989137 0.987704 0.986967 0.990463 0.586119 0.588222 0.959880 0.974081 0.950555 0.879355 0.975470 0.950317 0.585489 0.961371 0.990669 0.968679 0.854238 0.961327 0.847745 0.977579 0.625084 0.969238 0.717735 0.915973 0.953952 0.750548 0.951350 0.974738 0.979681 0.953731 0.986250 0.986295 0.678840 0.983544 0.991487 0.985783 0.982019 0.988857 0.603094 0.560361 0.925217 0.978181 0.545742 0.545672 0.583626 0.555254 0.955042 0.896905 0.892164 0.990114 0.989222 0.727883 0.713548 0.762895 0.733722 0.578100 0.567748 0.884731 0.891524 0.919994
0.538332 0.571306 0.575651 0.564937 0.583181 0.578122 0.517909 0.582187 0.583740 0.581453 0.580355 0.586119 0.506543 0.506706 0.559200 0.567544 0.555135 0.537202 0.568587 0.555069 0.506479 0.559940 0.586518 0.563943 0.533081 0.559921 0.532128 0.570262 0.509568 0.564279 0.517485 0.544626 0.556547 0.520609 0.555453 0.568007 0.572099 0.556456 0.579397 0.579430 0.514035 0.576024 0.588197 0.578769 0.574375 0.583248 0.507843 0.504559 0.546978 0.570768 0.503429 0.503445 0.506328 0.504160 0.557041 0.540460 0.539483 0.585460 0.583880 0.518482 0.517133 0.521904 0.519001 0.505897 0.505119 0.538145 0.539405 0.545617
0.539263 0.573045 0.577518 0.566494 0.585231 0.580077 0.518350 0.584159 0.585790 0.583443 0.582329 0.588222 0.506706 0.506923 0.560651 0.569236 0.556585 0.538112 0.570226 0.556461 0.506636 0.561487 0.588619 0.565441 0.533931 0.561453 0.532867 0.571952 0.509803 0.565878 0.517923 0.545755 0.557964 0.521075 0.556779 0.569636 0.573842 0.557863 0.581374 0.581384 0.514368 0.577883 0.590334 0.580658 0.576197 0.585263 0.508048 0.504648 0.548175 0.572561 0.503493 0.503530 0.506510 0.504262 0.558496 0.541543 0.540431 0.587542 0.585928 0.518961 0.517569 0.522460 0.519493 0.506056 0.505241 0.539099 0.540382 0.546755
0.802658 0.932255 0.941745 0.915495 0.955419 0.946513 0.657736 0.953785 0.956272 0.952543 0.950687 0.959880 0.559200 0.560651 0.897625 0.922718 0.883031 0.795479 0.925432 0.882667 0.558767 0.900074 0.960459 0.912671 0.770144 0.899993 0.763897 0.929660 0.586510 0.913673 0.654340 0.836650 0.888206 0.679887 0.884239 0.924003 0.934027 0.887867 0.948914 0.949027 0.625222 0.942522 0.962794 0.947785 0.939088 0.955530 0.571046 0.541388 0.848141 0.930890 0.531331 0.531275 0.557464 0.537869 0.889894 0.814454 0.809222 0.958915 0.956496 0.662124 0.651142 0.689784 0.666660 0.553642 0.546480 0.801167 0.808507 0.841572
0.832321 0.952331 0.960029 0.938282 0.970712 0.963821 0.678342 0.969458 0.971362 0.968509 0.967072 0.974081 0.567544 0.569236 0.922718 0.944430 0.909622 0.825157 0.946675 0.909316 0.567017 0.924914 0.974515 0.935854 0.799179 0.924841 0.792673 0.950202 0.598516 0.936724 0.674572 0.865999 0.914311 0.702704 0.910691 0.945477 0.953790 0.913997 0.965704 0.965784 0.642126 0.960648 0.976249 0.964809 0.957905 0.970795 0.581009 0.547211 0.877044 0.951228 0.535751 0.535728 0.565569 0.543230 0.915831 0.844199 0.838911 0.973357 0.971530 0.683224 0.671020 0.713553 0.688203 0.561206 0.553032 0.830849 0.838217 0.870739
0.786923 0.919918 0.930295 0.901861 0.945514 0.935561 0.647518 0.943652 0.946465 0.942270 0.940201 0.950555 0.555135 0.556585 0.883031 0.909622 0.867968 0.779765 0.912510 0.867495 0.554749 0.885639 0.951206 0.898829 0.755113 0.885549 0.748885 0.917068 0.580648 0.899976 0.644336 0.820698 0.873238 0.668419 0.869084 0.910973 0.921820 0.872884 0.938227 0.938349 0.616874 0.931141 0.953872 0.936937 0.927356 0.945619 0.566208 0.538503 0.832293 0.918463 0.529140 0.529104 0.553587 0.535259 0.875019 0.798669 0.793371 0.949456 0.946720 0.651680 0.641336 0.677914 0.655996 0.549995 0.543287 0.785460 0.792699 0.825646
0.706279 0.837532 0.850814 0.816221 0.871847 0.857917 0.600816 0.869206 0.873277 0.867221 0.864263 0.879355 0.537202 0.538112 0.795479 0.825157 0.779765 0.700648 0.828619 0.779473 0.536886 0.798226 0.880358 0.812798 0.680580 0.798144 0.675844 0.834132 0.554443 0.813967 0.598522 0.735346 0.785279 0.615656 0.781056 0.826751 0.839985 0.784918 0.861555 0.861695 0.579418 0.851938 0.884462 0.859818 0.847017 0.872035 0.544647 0.525960 0.745731 0.835744 0.519601 0.519619 0.536047 0.523726 0.787113 0.716163 0.711721 0.877702 0.873643 0.603821 0.596462 0.622482 0.606776 0.533626 0.529151 0.705184 0.711205 0.739752
0.835846 0.954409 0.961880 0.940713 0.972218 0.965548 0.680902 0.971019 0.972846 0.970093 0.968701 0.975470 0.568587 0.570226 0.925432 0.946675 0.912510 0.828619 0.948920 0.912196 0.568085 0.927536 0.975886 0.938338 0.802591 0.927479 0.796120 0.952332 0.599999 0.939168 0.677071 0.869297 0.917149 0.705563 0.913622 0.947741 0.955825 0.916852 0.967368 0.967452 0.644241 0.962482 0.977556 0.966518 0.959806 0.972301 0.582200 0.548018 0.880300 0.953309 0.536335 0.536273 0.566547 0.543900 0.918656 0.847596 0.842419 0.974773 0.973014 0.685821 0.673532 0.716499 0.690847 0.562125 0.553889 0.834374 0.841732 0.874054
0.786505 0.919626 0.930013 0.901566 0.945261 0.935291 0.647349 0.943417 0.946217 0.942019 0.939936 0.950317 0.555069 0.556461 0.882667 0.909316 0.867495 0.779473 0.912196 0.867228 0.554621 0.885238 0.950981 0.898536 0.754729 0.885226 0.748666 0.916806 0.580550 0.899607 0.644089 0.820354 0.872894 0.668275 0.868710 0.910623 0.921558 0.872513 0.937995 0.938099 0.616792 0.930879 0.953644 0.936692 0.927117 0.945388 0.566056 0.538421 0.831846 0.918162 0.529118 0.529092 0.553490 0.535186 0.874642 0.798209 0.792965 0.949226 0.946488 0.651407 0.641053 0.677539 0.655641 0.549872 0.543185 0.784987 0.792291 0.825346
0.538082 0.570796 0.575092 0.564444 0.582570 0.577511 0.517761 0.581578 0.583115 0.580842 0.579764 0.585489 0.506479 0.506636 0.558767 0.567017 0.554749 0.536886 0.568085 0.554621 0.506434 0.559483 0.585880 0.563469 0.532833 0.559447 0.531877 0.569727 0.509495 0.563814 0.517353 0.544282 0.556116 0.520459 0.555066 0.567528 0.571557 0.556036 0.578771 0.578833 0.513913 0.575460 0.587556 0.578174 0.573802 0.582631 0.507781 0.504529 0.546642 0.570228 0.503409 0.503408 0.506275 0.504130 0.556602 0.540151 0.539219 0.584829 0.583254 0.518319 0.516998 0.521746 0.518861 0.505856 0.505083 0.537870 0.539117 0.545269
0.805324 0.934262 0.943616 0.917728 0.957018 0.948317 0.659523 0.955402 0.957853 0.954204 0.952389 0.961371 0.559940 0.561487 0.900074 0.924914 0.885639 0.798226 0.927536 0.885238 0.559483 0.902577 0.961934 0.914934 0.772813 0.902449 0.766450 0.931715 0.587549 0.915964 0.656132 0.839419 0.890735 0.681800 0.886760 0.926146 0.936013 0.890397 0.950656 0.950760 0.626662 0.944371 0.964213 0.949537 0.941005 0.957117 0.571985 0.541863 0.850889 0.932957 0.531679 0.531672 0.558192 0.538348 0.892417 0.817272 0.811909 0.960423 0.958059 0.664046 0.652897 0.691916 0.668629 0.554334 0.547047 0.803899 0.811210 0.844262
0.887098 0.979214 0.983521 0.970716 0.989049 0.985542 0.723097 0.988433 0.989366 0.987956 0.987230 0.990669 0.586518 0.588619 0.960459 0.974515 0.951206 0.880358 0.975886 0.950981 0.585880 0.961934 0.990873 0.969174 0.855279 0.961893 0.848814 0.977972 0.625662 0.969723 0.718631 0.916849 0.954582 0.751547 0.952002 0.975163 0.980048 0.954361 0.986525 0.986569 0.679627 0.983858 0.991676 0.986065 0.982356 0.989091 0.603569 0.560639 0.926037 0.978565 0.545967 0.545891 0.584013 0.555514 0.955658 0.897841 0.893128 0.990327 0.989449 0.728791 0.714414 0.763881 0.734646 0.578462 0.568059 0.885700 0.892481 0.920850
0.820011 0.944481 0.952929 0.929274 0.964857 0.957120 0.669539 0.963461 0.965593 0.962381 0.960767 0.968679 0.563943 0.565441 0.912671 0.935854 0.898829 0.812798 0.938338 0.898536 0.563469 0.914934 0.969174 0.926690 0.786962 0.914869 0.780659 0.942161 0.593356 0.927572 0.665910 0.853899 0.903788 0.693053 0.900050 0.937037 0.946078 0.903468 0.959223 0.959324 0.634902 0.953620 0.971154 0.958252 0.950585 0.964961 0.576692 0.544746 0.865170 0.943238 0.533885 0.533807 0.562032 0.540920 0.905368 0.831785 0.826623 0.967857 0.965787 0.674168 0.662496 0.703413 0.678964 0.557922 0.550217 0.818488 0.825883 0.858755
0.685977 0.811561 0.824902 0.790328 0.846439 0.832068 0.589969 0.843673 0.847890 0.841628 0.838612 0.854238 0.533081 0.533931 0.770144 0.799179 0.755113 0.680580 0.802591 0.754729 0.532833 0.772813 0.855279 0.786962 0.662285 0.772738 0.657859 0.808083 0.548514 0.788186 0.587936 0.712963 0.760308 0.603346 0.756251 0.800759 0.813959 0.759956 0.835808 0.835973 0.570775 0.826039 0.859587 0.834001 0.821044 0.846613 0.539748 0.523072 0.722737 0.809758 0.517450 0.517434 0.532123 0.521114 0.762062 0.695104 0.690977 0.852511 0.848283 0.592610 0.586046 0.609475 0.595333 0.529958 0.525937 0.684866 0.690460 0.717114
0.805288 0.934223 0.943562 0.917682 0.956969 0.948254 0.659535 0.955362 0.957800 0.954151 0.952331 0.961327 0.559921 0.561453 0.899993 0.924841 0.885549 0.798144 0.927479 0.885226 0.559447 0.902449 0.961893 0.914869 0.772738 0.902397 0.766414 0.931666 0.587539 0.915885 0.656077 0.839358 0.890686 0.681842 0.886687 0.926053 0.935969 0.890333 0.950619 0.950713 0.626690 0.944326 0.964169 0.949479 0.940962 0.957073 0.571881 0.541835 0.850796 0.932906 0.531680 0.531666 0.558194 0.538311 0.892370 0.817190 0.811851 0.960386 0.958025 0.663957 0.652852 0.691821 0.668496 0.554284 0.547017 0.803804 0.811179 0.844285
0.681080 0.805033 0.818321 0.783948 0.839894 0.825465 0.587435 0.837173 0.841364 0.835087 0.832050 0.847745 0.532128 0.532867 0.763897 0.792673 0.748885 0.675844 0.796120 0.748666 0.531877 0.766450 0.848814 0.780659 0.657859 0.766414 0.653713 0.801614 0.547136 0.781734 0.585427 0.707535 0.754147 0.600533 0.750204 0.794289 0.807456 0.753795 0.829240 0.829416 0.568803 0.819487 0.853147 0.827490 0.814520 0.840116 0.538586 0.522431 0.717075 0.803169 0.516985 0.516941 0.531155 0.520505 0.755823 0.689882 0.686003 0.846019 0.841766 0.589941 0.583554 0.606347 0.592577 0.529068 0.525182 0.679929 0.685439 0.711629
0.841321 0.957611 0.964736 0.944445 0.974523 0.968216 0.684992 0.973390 0.975113 0.972517 0.971205 0.977579 0.570262 0.571952 0.929660 0.950202 0.917068 0.834132 0.952332 0.916806 0.569727 0.931715 0.977972 0.942161 0.808083 0.931666 0.801614 0.955626 0.602453 0.942954 0.681087 0.874615 0.921607 0.710100 0.918154 0.951204 0.958967 0.921306 0.969949 0.970027 0.647643 0.965312 0.979535 0.969139 0.962777 0.974604 0.584224 0.549158 0.885445 0.956563 0.537247 0.537181 0.568197 0.544986 0.923053 0.853032 0.847876 0.976926 0.975270 0.689946 0.677413 0.721109 0.695071 0.563664 0.555188 0.839803 0.847161 0.879305
0.556239 0.604017 0.610187 0.594746 0.620925 0.613625 0.526271 0.619498 0.621681 0.618434 0.616905 0.625084 0.509568 0.509803 0.586510 0.598516 0.580648 0.554443 0.599999 0.580550 0.509495 0.587549 0.625662 0.593356 0.548514 0.587539 0.547136 0.602453 0.514075 0.593834 0.525660 0.565391 0.582665 0.530304 0.581119 0.599200 0.605105 0.582522 0.615501 0.615588 0.520595 0.610743 0.628040 0.614609 0.608392 0.621032 0.511506 0.506667 0.568791 0.603181 0.505056 0.505041 0.509294 0.506105 0.583316 0.559247 0.557903 0.624156 0.621897 0.527026 0.525075 0.532098 0.527847 0.508667 0.507496 0.555828 0.557705 0.566846
0.821224 0.945274 0.953655 0.930161 0.965463 0.957813 0.670370 0.964067 0.966187 0.963007 0.961414 0.969238 0.564279 0.565878 0.913673 0.936724 0.899976 0.813967 0.939168 0.899607 0.563814 0.915964 0.969723 0.927572 0.788186 0.915885 0.781734 0.942954 0.593834 0.928506 0.666751 0.855096 0.904847 0.693906 0.901092 0.937879 0.946846 0.904529 0.959888 0.959984 0.635548 0.954332 0.971679 0.958907 0.951317 0.965554 0.577113 0.544954 0.866381 0.944064 0.534027 0.533976 0.562409 0.541137 0.906446 0.833089 0.827816 0.968424 0.966378 0.675067 0.663353 0.704432 0.679897 0.558258 0.550488 0.819738 0.827115 0.859937
0.601663 0.683657 0.693812 0.668275 0.711129 0.699444 0.547865 0.708846 0.712351 0.707159 0.704692 0.717735 0.517485 0.517923 0.654340 0.674572 0.644336 0.598522 0.677071 0.644089 0.517353 0.656132 0.718631 0.665910 0.587936 0.656077 0.585427 0.681087 0.525660 0.666751 0.546764 0.617781 0.647767 0.555119 0.645109 0.675736 0.685462 0.647540 0.702422 0.702556 0.537541 0.694695 0.722378 0.700993 0.690829 0.711279 0.521011 0.512196 0.623782 0.682307 0.509215 0.509207 0.516964 0.511151 0.648933 0.607043 0.604614 0.716256 0.712678 0.549304 0.545756 0.558472 0.550771 0.515822 0.513705 0.601029 0.604314 0.620316
0.741840 0.877916 0.890317 0.857251 0.909381 0.896786 0.620466 0.907007 0.910618 0.905230 0.902598 0.915973 0.544626 0.545755 0.836650 0.865999 0.820698 0.735346 0.869297 0.820354 0.544282 0.839419 0.916849 0.853899 0.712963 0.839358 0.707535 0.874615 0.565391 0.855096 0.617781 0.773694 0.826288 0.638026 0.821957 0.867523 0.880185 0.825902 0.900134 0.900279 0.595105 0.891365 0.920403 0.898530 0.886805 0.909541 0.553604 0.531131 0.784861 0.876195 0.523581 0.523548 0.543342 0.528507 0.828117 0.752703 0.747831 0.914532 0.910954 0.623885 0.615242 0.645904 0.627466 0.540429 0.534993 0.740446 0.747176 0.778473
0.792386 0.924351 0.934423 0.906752 0.949109 0.939522 0.651068 0.947340 0.950029 0.945999 0.943996 0.953952 0.556547 0.557964 0.888206 0.914311 0.873238 0.785279 0.917149 0.872894 0.556116 0.890735 0.954582 0.903788 0.760308 0.890686 0.754147 0.921607 0.582665 0.904847 0.647767 0.826288 0.878545 0.672418 0.874442 0.915627 0.926224 0.878187 0.942108 0.942219 0.619793 0.935253 0.957128 0.940873 0.931598 0.949226 0.567838 0.539498 0.837821 0.922921 0.529901 0.529867 0.554907 0.536146 0.880288 0.804138 0.798887 0.952904 0.950281 0.655276 0.644703 0.681971 0.659620 0.551219 0.544376 0.790906 0.798213 0.831261
0.619409 0.712996 0.724230 0.695691 0.743319 0.730382 0.556448 0.740865 0.744638 0.738957 0.736246 0.750548 0.520609 0.521075 0.679887 0.702704 0.668419 0.615656 0.705563 0.668275 0.520459 0.681800 0.751547 0.693053 0.603346 0.681842 0.600533 0.710100 0.530304 0.693906 0.555119 0.638026 0.672418 0.565075 0.669430 0.704036 0.714994 0.672141 0.733752 0.733916 0.544318 0.725249 0.755613 0.732189 0.720972 0.743527 0.524744 0.514387 0.644889 0.711395 0.510912 0.510860 0.520009 0.513148 0.673686 0.625489 0.622823 0.748958 0.745047 0.558017 0.553884 0.568823 0.559754 0.518651 0.516155 0.618528 0.622415 0.641031
0.788199 0.920959 0.931251 0.903030 0.946347 0.936463 0.648333 0.944533 0.947297 0.943144 0.941086 0.951350 0.555453 0.556779 0.884239 0.910691 0.869084 0.781056 0.913622 0.868710 0.555066 0.886760 0.952002 0.900050 0.756251 0.886687 0.750204 0.918154 0.581119 0.901092 0.645109 0.821957 0.874442 0.669430 0.870370 0.912091 0.922867 0.874095 0.939116 0.939249 0.617576 0.932105 0.954641 0.937882 0.928351 0.946475 0.566564 0.538784 0.833518 0.919462 0.529366 0.529282 0.553827 0.535468 0.876181 0.799794 0.794683 0.950265 0.947553 0.652453 0.642068 0.678808 0.656779 0.550249 0.543544 0.786683 0.793950 0.826922
0.833995 0.953312 0.960901 0.939424 0.971423 0.964628 0.679496 0.970196 0.972064 0.969256 0.967843 0.974738 0.568007 0.569636 0.924003 0.945477 0.910973 0.826751 0.947741 0.910623 0.567528 0.926146 0.975163 0.937037 0.800759 0.926053 0.794289 0.951204 0.599200 0.937879 0.675736 0.867523 0.915627 0.704036 0.912091 0.946567 0.954747 0.915333 0.966475 0.966567 0.643074 0.961511 0.976870 0.965619 0.958794 0.971507 0.581582 0.547616 0.878574 0.952194 0.536043 0.535964 0.565991 0.543554 0.917133 0.845753 0.840584 0.974025 0.972227 0.684405 0.672174 0.714940 0.689456 0.561643 0.553443 0.832509 0.839851 0.872251
0.847177 0.960861 0.967616 0.948273 0.976826 0.970900 0.689440 0.975764 0.977377 0.974945 0.973714 0.979681 0.572099 0.573842 0.934027 0.953790 0.921820 0.839985 0.955825 0.921558 0.571557 0.936013 0.980048 0.946078 0.813959 0.935969 0.807456 0.958967 0.605105 0.946846 0.685462 0.880185 0.926224 0.714994 0.922867 0.954747 0.962146 0.925931 0.972533 0.972607 0.651330 0.968161 0.981502 0.971768 0.965762 0.976901 0.586416 0.550450 0.890863 0.959862 0.538234 0.538162 0.569998 0.546175 0.927628 0.858818 0.853692 0.979072 0.977525 0.694471 0.681712 0.726168 0.699698 0.565343 0.556642 0.845652 0.852980 0.884819
0.792026 0.924056 0.934150 0.906434 0.948873 0.939262 0.650825 0.947100 0.949798 0.945756 0.943747 0.953731 0.556456 0.557863 0.887867 0.913997 0.872884 0.784918 0.916852 0.872513 0.556036 0.890397 0.954361 0.903468 0.759956 0.890333 0.753795 0.921306 0.582522 0.904529 0.647540 0.825902 0.878187 0.672141 0.874095 0.915333 0.925931 0.877836 0.941847 0.941961 0.619591 0.934979 0.956917 0.940617 0.931310 0.948989 0.567735 0.539451 0.837454 0.922620 0.529852 0.529815 0.554808 0.536091 0.879938 0.803767 0.798528 0.952678 0.950047 0.655052 0.644496 0.681719 0.659395 0.551137 0.544315 0.790566 0.797855 0.830867
0.868510 0.971489 0.976919 0.961084 0.984091 0.979516 0.706678 0.983275 0.984510 0.982650 0.981698 0.986250 0.579397 0.581374 0.948914 0.965704 0.938227 0.861555 0.967368 0.937995 0.578771 0.950656 0.986525 0.959223 0.835808 0.950619 0.829240 0.969949 0.615501 0.959888 0.702422 0.900134 0.942108 0.733752 0.939116 0.966475 0.972533 0.941847 0.980789 0.980841 0.665734 0.977349 0.987610 0.980183 0.975443 0.984145 0.595086 0.555552 0.910101 0.970693 0.542099 0.542072 0.577098 0.550874 0.943354 0.879851 0.874825 0.985792 0.984622 0.712092 0.698438 0.745604 0.717619 0.571962 0.562386 0.867070 0.874174 0.904468
0.868699 0.971568 0.976984 0.961174 0.984141 0.979570 0.706791 0.983327 0.984559 0.982702 0.981754 0.986295 0.579430 0.581384 0.949027 0.965784 0.938349 0.861695 0.967452 0.938099 0.578833 0.950760 0.986569 0.959324 0.835973 0.950713 0.829416 0.970027 0.615588 0.959984 0.702556 0.900279 0.942219 0.733916 0.939249 0.966567 0.972607 0.941961 0.980841 0.980897 0.665825 0.977413 0.987652 0.980242 0.975509 0.984195 0.595161 0.555605 0.910250 0.970764 0.542149 0.542086 0.577136 0.550917 0.943455 0.879991 0.875011 0.985837 0.984670 0.712190 0.698546 0.745757 0.717763 0.572021 0.562435 0.867233 0.874330 0.904605
0.581937 0.649786 0.658366 0.636889 0.673146 0.663155 0.538461 0.671223 0.674199 0.669753 0.667625 0.678840 0.514035 0.514368 0.625222 0.642126 0.616874 0.579418 0.644241 0.616792 0.513913 0.626662 0.679627 0.634902 0.570775 0.626690 0.568803 0.647643 0.520595 0.635548 0.537541 0.595105 0.619793 0.544318 0.617576 0.643074 0.651330 0.619591 0.665734 0.665825 0.530169 0.659135 0.682854 0.664497 0.655874 0.673300 0.516832 0.509784 0.599979 0.648635 0.507399 0.507395 0.513607 0.508938 0.620751 0.586293 0.584341 0.677583 0.674512 0.539585 0.536732 0.546948 0.540733 0.512675 0.510988 0.581402 0.584110 0.597226
0.859070 0.967014 0.973025 0.955627 0.981085 0.975917 0.698811 0.980162 0.981560 0.979452 0.978381 0.983544 0.576024 0.577883 0.942522 0.960648 0.931141 0.851938 0.962482 0.930879 0.575460 0.944371 0.983858 0.953620 0.826039 0.944326 0.819487 0.965312 0.610743 0.954332 0.694695 0.891365 0.935253 0.725249 0.932105 0.961511 0.968161 0.934979 0.977349 0.977413 0.659135 0.973506 0.985102 0.976676 0.971381 0.981148 0.591108 0.553210 0.901683 0.966122 0.540338 0.540260 0.573832 0.548717 0.936566 0.870537 0.865485 0.983021 0.981688 0.704030 0.690793 0.736786 0.709462 0.568930 0.559747 0.857559 0.864781 0.895844
0.891133 0.980713 0.984785 0.972626 0.989975 0.986688 0.726885 0.989399 0.990271 0.988953 0.988272 0.991487 0.588197 0.590334 0.962794 0.976249 0.953872 0.884462 0.977556 0.953644 0.587556 0.964213 0.991676 0.971154 0.859587 0.964169 0.853147 0.979535 0.628040 0.971679 0.722378 0.920403 0.957128 0.755613 0.954641 0.976870 0.981502 0.956917 0.987610 0.987652 0.682854 0.985102 0.992424 0.987179 0.983684 0.990014 0.605569 0.561840 0.929401 0.980097 0.546873 0.546792 0.585641 0.556609 0.958168 0.901729 0.897085 0.991168 0.990349 0.732656 0.718118 0.768068 0.738580 0.579996 0.569399 0.889758 0.896446 0.924318
0.866798 0.970702 0.976237 0.960126 0.983569 0.978886 0.705199 0.982737 0.984001 0.982096 0.981123 0.985783 0.578769 0.580658 0.947785 0.964809 0.936937 0.859818 0.966518 0.936692 0.578174 0.949537 0.986065 0.958252 0.834001 0.949479 0.827490 0.969139 0.614609 0.958907 0.700993 0.898530 0.940873 0.732189 0.937882 0.965619 0.971768 0.940617 0.980183 0.980242 0.664497 0.976676 0.987179 0.979579 0.974729 0.983627 0.594373 0.555168 0.908576 0.969878 0.541797 0.541733 0.576442 0.550490 0.942124 0.878115 0.873149 0.985312 0.984112 0.710602 0.697018 0.743991 0.716134 0.571397 0.561915 0.865352 0.872458 0.902872
0.854148 0.964555 0.970873 0.952666 0.979401 0.973926 0.694891 0.978421 0.979907 0.977668 0.976532 0.982019 0.574375 0.576197 0.939088 0.957905 0.927356 0.847017 0.959806 0.927117 0.573802 0.941005 0.982356 0.950585 0.821044 0.940962 0.814520 0.962777 0.608392 0.951317 0.690829 0.886805 0.931598 0.720972 0.928351 0.958794 0.965762 0.931310 0.975443 0.975509 0.655874 0.971381 0.983684 0.974729 0.969151 0.979470 0.589153 0.552022 0.897256 0.963624 0.539454 0.539387 0.572228 0.547649 0.932939 0.865714 0.860614 0.981462 0.980042 0.700017 0.686954 0.732323 0.705364 0.567428 0.558423 0.852615 0.859895 0.891338
0.878909 0.975977 0.980771 0.966637 0.987006 0.983037 0.715641 0.986306 0.987367 0.985764 0.984942 0.988857 0.583248 0.585263 0.955530 0.970795 0.945619 0.872035 0.972301 0.945388 0.582631 0.957117 0.989091 0.964961 0.846613 0.957073 0.840116 0.974604 0.621032 0.965554 0.711279 0.909541 0.949226 0.743527 0.946475 0.971507 0.976901 0.948989 0.984145 0.984195 0.673300 0.981148 0.990014 0.983627 0.979470 0.987055 0.599699 0.558323 0.919096 0.975256 0.544217 0.544136 0.580834 0.553396 0.950371 0.889904 0.885081 0.988465 0.987462 0.721193 0.707140 0.755623 0.726930 0.575492 0.565464 0.877467 0.884406 0.913695
0.546037 0.585486 0.590666 0.577831 0.599625 0.593587 0.521483 0.598408 0.600279 0.597557 0.596282 0.603094 0.507843 0.508048 0.571046 0.581009 0.566208 0.544647 0.582200 0.566056 0.507781 0.571985 0.603569 0.576692 0.539748 0.571881 0.538586 0.584224 0.511506 0.577113 0.521011 0.553604 0.567838 0.524744 0.566564 0.581582 0.586416 0.567735 0.595086 0.595161 0.516832 0.591108 0.605569 0.594373 0.589153 0.599699 0.509459 0.505465 0.556427 0.584839 0.504125 0.504131 0.507600 0.505008 0.568389 0.548582 0.547424 0.602297 0.600403 0.522174 0.520543 0.526309 0.522848 0.507107 0.506144 0.545777 0.547267 0.554723
0.526786 0.549897 0.552947 0.545429 0.558267 0.554670 0.512487 0.557587 0.558669 0.557051 0.556273 0.560361 0.504559 0.504648 0.541388 0.547211 0.538503 0.525960 0.548018 0.538421 0.504529 0.541863 0.560639 0.544746 0.523072 0.541835 0.522431 0.549158 0.506667 0.544954 0.512196 0.531131 0.539498 0.514387 0.538784 0.547616 0.550450 0.539451 0.555552 0.555605 0.509784 0.553210 0.561840 0.555168 0.552022 0.558323 0.505465 0.503202 0.532804 0.549472 0.502401 0.502397 0.504397 0.502904 0.539846 0.528214 0.527595 0.559889 0.558767 0.512888 0.511961 0.515295 0.513261 0.504109 0.503581 0.526655 0.527526 0.531831
0.752437 0.888672 0.900685 0.868478 0.918956 0.906913 0.626567 0.916688 0.920134 0.914996 0.912482 0.925217 0.546978 0.548175 0.848141 0.877044 0.832293 0.745731 0.880300 0.831846 0.546642 0.850889 0.926037 0.865170 0.722737 0.850796 0.717075 0.885445 0.568791 0.866381 0.623782 0.784861 0.837821 0.644889 0.833518 0.878574 0.890863 0.837454 0.910101 0.910250 0.599979 0.901683 0.929401 0.908576 0.897256 0.919096 0.556427 0.532804 0.796242 0.886996 0.524818 0.524781 0.545624 0.530020 0.839674 0.763555 0.758563 0.923845 0.920449 0.630197 0.621171 0.653219 0.633955 0.542570 0.536866 0.751058 0.757914 0.789706
0.842954 0.958533 0.965559 0.945513 0.975184 0.968989 0.686221 0.974062 0.975760 0.973210 0.971922 0.978181 0.570768 0.572561 0.930890 0.951228 0.918463 0.835744 0.953309 0.918162 0.570228 0.932957 0.978565 0.943238 0.809758 0.932906 0.803169 0.956563 0.603181 0.944064 0.682307 0.876195 0.922921 0.711395 0.919462 0.952194 0.959862 0.922620 0.970693 0.970764 0.648635 0.966122 0.980097 0.969878 0.963624 0.975256 0.584839 0.549472 0.886996 0.957517 0.537482 0.537446 0.568742 0.545308 0.924372 0.854730 0.849482 0.977540 0.975915 0.691225 0.678628 0.722536 0.696383 0.564149 0.555582 0.841455 0.848800 0.880866
0.520278 0.537830 0.540120 0.534381 0.544161 0.541386 0.509435 0.543641 0.544447 0.543223 0.542648 0.545742 0.503429 0.503493 0.531331 0.535751 0.529140 0.519601 0.536335 0.529118 0.503409 0.531679 0.545967 0.533885 0.517450 0.531680 0.516985 0.537247 0.505056 0.534027 0.509215 0.523581 0.529901 0.510912 0.529366 0.536043 0.538234 0.529852 0.542099 0.542149 0.507399 0.540338 0.546873 0.541797 0.539454 0.544217 0.504125 0.502401 0.524818 0.537482 0.501826 0.501807 0.503326 0.502192 0.530123 0.521317 0.520884 0.545392 0.544533 0.509689 0.508995 0.511526 0.509992 0.503107 0.502691 0.520102 0.520789 0.524118
0.520203 0.537732 0.540056 0.534332 0.544094 0.541382 0.509433 0.543562 0.544395 0.543168 0.542579 0.545672 0.503445 0.503530 0.531275 0.535728 0.529104 0.519619 0.536273 0.529092 0.503408 0.531672 0.545891 0.533807 0.517434 0.531666 0.516941 0.537181 0.505041 0.533976 0.509207 0.523548 0.529867 0.510860 0.529282 0.535964 0.538162 0.529815 0.542072 0.542086 0.507395 0.540260 0.546792 0.541733 0.539387 0.544136 0.504131 0.502397 0.524781 0.537446 0.501807 0.501816 0.503331 0.502190 0.530121 0.521328 0.520814 0.545320 0.544470 0.509730 0.509015 0.511529 0.510002 0.503104 0.502692 0.520098 0.520768 0.524069
0.537236 0.569268 0.573466 0.563004 0.580784 0.575827 0.517372 0.579786 0.581296 0.579075 0.578030 0.583626 0.506328 0.506510 0.557464 0.565569 0.553587 0.536047 0.566547 0.553490 0.506275 0.558192 0.584013 0.562032 0.532123 0.558194 0.531155 0.568197 0.509294 0.562409 0.516964 0.543342 0.554907 0.520009 0.553827 0.565991 0.569998 0.554808 0.577098 0.577136 0.513607 0.573832 0.585641 0.576442 0.572228 0.580834 0.507600 0.504397 0.545624 0.568742 0.503326 0.503331 0.506156 0.504030 0.555375 0.539297 0.538333 0.582990 0.581451 0.517889 0.516598 0.521238 0.518420 0.505729 0.504954 0.536993 0.538239 0.544321
0.524486 0.545675 0.548474 0.541539 0.553352 0.550051 0.511408 0.552699 0.553708 0.552224 0.551525 0.555254 0.504160 0.504262 0.537869 0.543230 0.535259 0.523726 0.543900 0.535186 0.504130 0.538348 0.555514 0.540920 0.521114 0.538311 0.520505 0.544986 0.506105 0.541137 0.511151 0.528507 0.536146 0.513148 0.535468 0.543554 0.546175 0.536091 0.550874 0.550917 0.508938 0.548717 0.556609 0.550490 0.547649 0.553396 0.505008 0.502904 0.530020 0.545308 0.502192 0.502190 0.504030 0.502655 0.536445 0.525822 0.525223 0.554821 0.553788 0.511764 0.510907 0.513966 0.512120 0.503766 0.503261 0.524339 0.525142 0.529126
0.794204 0.925772 0.935753 0.908337 0.950263 0.940810 0.652265 0.948515 0.951174 0.947195 0.945212 0.955042 0.557041 0.558496 0.889894 0.915831 0.875019 0.787113 0.918656 0.874642 0.556602 0.892417 0.955658 0.905368 0.762062 0.892370 0.755823 0.923053 0.583316 0.906446 0.648933 0.828117 0.880288 0.673686 0.876181 0.917133 0.927628 0.879938 0.943354 0.943455 0.620751 0.936566 0.958168 0.942124 0.932939 0.950371 0.568389 0.539846 0.839674 0.924372 0.530123 0.530121 0.555375 0.536445 0.882062 0.806033 0.800710 0.954008 0.951424 0.656564 0.645922 0.683404 0.660897 0.551640 0.544767 0.792800 0.800098 0.833102
0.722301 0.856468 0.869459 0.835248 0.889762 0.876328 0.609493 0.887185 0.891100 0.885295 0.882473 0.896905 0.540460 0.541543 0.814454 0.844199 0.798669 0.716163 0.847596 0.798209 0.540151 0.817272 0.897841 0.831785 0.695104 0.817190 0.689882 0.853032 0.559247 0.833089 0.607043 0.752703 0.804138 0.625489 0.799794 0.845753 0.858818 0.803767 0.879851 0.879991 0.586293 0.870537 0.901729 0.878115 0.865714 0.889904 0.548582 0.528214 0.763555 0.854730 0.521317 0.521328 0.539297 0.525822 0.806033 0.732750 0.727976 0.895330 0.891462 0.612720 0.604813 0.632916 0.615971 0.536637 0.531728 0.721102 0.727449 0.757316
0.717911 0.851340 0.864372 0.830027 0.884902 0.871238 0.607014 0.882334 0.886256 0.880380 0.877527 0.892164 0.539483 0.540431 0.809222 0.838911 0.793371 0.711721 0.842419 0.792965 0.539219 0.811909 0.893128 0.826623 0.690977 0.811851 0.686003 0.847876 0.557903 0.827816 0.604614 0.747831 0.798887 0.622823 0.794683 0.840584 0.853692 0.798528 0.874825 0.875011 0.584341 0.865485 0.897085 0.873149 0.860614 0.885081 0.547424 0.527595 0.758563 0.849482 0.520884 0.520814 0.538333 0.525223 0.800710 0.727976 0.723517 0.890570 0.886635 0.610063 0.602372 0.629917 0.613298 0.535767 0.530989 0.716589 0.722887 0.752435
0.884498 0.978211 0.982672 0.969446 0.988422 0.984770 0.720699 0.987779 0.988752 0.987281 0.986525 0.990114 0.585460 0.587542 0.958915 0.973357 0.949456 0.877702 0.974773 0.949226 0.584829 0.960423 0.990327 0.967857 0.852511 0.960386 0.846019 0.976926 0.624156 0.968424 0.716256 0.914532 0.952904 0.748958 0.950265 0.974025 0.979072 0.952678 0.985792 0.985837 0.677583 0.983021 0.991168 0.985312 0.981462 0.988465 0.602297 0.559889 0.923845 0.977540 0.545392 0.545320 0.582990 0.554821 0.954008 0.895330 0.890570 0.989757 0.988840 0.726348 0.712084 0.761229 0.732154 0.577493 0.567221 0.883091 0.889927 0.918594
0.880497 0.976620 0.981319 0.967446 0.987416 0.983539 0.717081 0.986732 0.987768 0.986203 0.985398 0.989222 0.583880 0.585928 0.956496 0.971530 0.946720 0.873643 0.973014 0.946488 0.583254 0.958059 0.989449 0.965787 0.848283 0.958025 0.841766 0.975270 0.621897 0.966378 0.712678 0.910954 0.950281 0.745047 0.947553 0.972227 0.977525 0.950047 0.984622 0.984670 0.674512 0.981688 0.990349 0.984112 0.980042 0.987462 0.600403 0.558767 0.920449 0.975915 0.544533 0.544470 0.581451 0.553788 0.951424 0.891462 0.886635 0.988840 0.987863 0.722669 0.708569 0.757218 0.728400 0.576043 0.565965 0.879083 0.885996 0.915099
0.606950 0.692549 0.703142 0.676675 0.721056 0.709074 0.550471 0.718699 0.722354 0.716983 0.714402 0.727883 0.518482 0.518961 0.662124 0.683224 0.651680 0.603821 0.685821 0.651407 0.518319 0.664046 0.728791 0.674168 0.592610 0.663957 0.589941 0.689946 0.527026 0.675067 0.549304 0.623885 0.655276 0.558017 0.652453 0.684405 0.694471 0.655052 0.712092 0.712190 0.539585 0.704030 0.732656 0.710602 0.700017 0.721193 0.522174 0.512888 0.630197 0.691225 0.509689 0.509730 0.517889 0.511764 0.656564 0.612720 0.610063 0.726348 0.722669 0.552092 0.548319 0.561683 0.553574 0.516680 0.514476 0.606445 0.609843 0.626515
0.599482 0.679922 0.689945 0.664875 0.707013 0.695545 0.546848 0.704771 0.708238 0.703112 0.700653 0.713548 0.517133 0.517569 0.651142 0.671020 0.641336 0.596462 0.673532 0.641053 0.516998 0.652897 0.714414 0.662496 0.586046 0.652852 0.583554 0.677413 0.525075 0.663353 0.545756 0.615242 0.644703 0.553884 0.642068 0.672174 0.681712 0.644496 0.698438 0.698546 0.536732 0.690793 0.718118 0.697018 0.686954 0.707140 0.520543 0.511961 0.621171 0.678628 0.508995 0.509015 0.516598 0.510907 0.645922 0.604813 0.602372 0.712084 0.708569 0.548319 0.544848 0.557264 0.549707 0.515468 0.513431 0.598971 0.602164 0.617754
0.626310 0.724082 0.735793 0.706210 0.755473 0.742257 0.559835 0.752894 0.756859 0.750997 0.748194 0.762895 0.521904 0.522460 0.689784 0.713553 0.677914 0.622482 0.716499 0.677539 0.521746 0.691916 0.763881 0.703413 0.609475 0.691821 0.606347 0.721109 0.532098 0.704432 0.558472 0.645904 0.681971 0.568823 0.678808 0.714940 0.726168 0.681719 0.745604 0.745757 0.546948 0.736786 0.768068 0.743991 0.732323 0.755623 0.526309 0.515295 0.653219 0.722536 0.511526 0.511529 0.521238 0.513966 0.683404 0.632916 0.629917 0.761229 0.757218 0.561683 0.557264 0.573084 0.563497 0.519812 0.517180 0.625610 0.629592 0.648972
0.610107 0.697775 0.708553 0.681485 0.726794 0.714539 0.551940 0.724375 0.728092 0.722628 0.720031 0.733722 0.519001 0.519493 0.666660 0.688203 0.655996 0.606776 0.690847 0.655641 0.518861 0.668629 0.734646 0.678964 0.595333 0.668496 0.592577 0.695071 0.527847 0.679897 0.550771 0.627466 0.659620 0.559754 0.656779 0.689456 0.699698 0.659395 0.717619 0.717763 0.540733 0.709462 0.738580 0.716134 0.705364 0.726930 0.522848 0.513261 0.633955 0.696383 0.509992 0.510002 0.518420 0.512120 0.660897 0.615971 0.613298 0.732154 0.728400 0.553574 0.549707 0.563497 0.555163 0.517195 0.514899 0.609508 0.612998 0.630139
0.534731 0.564656 0.568590 0.558800 0.575441 0.570796 0.516183 0.574506 0.575928 0.573846 0.572874 0.578100 0.505897 0.506056 0.553642 0.561206 0.549995 0.533626 0.562125 0.549872 0.505856 0.554334 0.578462 0.557922 0.529958 0.554284 0.529068 0.563664 0.508667 0.558258 0.515822 0.540429 0.551219 0.518651 0.550249 0.561643 0.565343 0.551137 0.571962 0.572021 0.512675 0.568930 0.579996 0.571397 0.567428 0.575492 0.507107 0.504109 0.542570 0.564149 0.503107 0.503104 0.505729 0.503766 0.551640 0.536637 0.535767 0.577493 0.576043 0.516680 0.515468 0.519812 0.517195 0.505349 0.504623 0.534507 0.535649 0.541305
0.530088 0.556032 0.559455 0.550994 0.565416 0.561388 0.514028 0.564628 0.565854 0.564041 0.563178 0.567748 0.505119 0.505241 0.546480 0.553032 0.543287 0.529151 0.553889 0.543185 0.505083 0.547047 0.568059 0.550217 0.525937 0.547017 0.525182 0.555188 0.507496 0.550488 0.513705 0.534993 0.544376 0.516155 0.543544 0.553443 0.556642 0.544315 0.562386 0.562435 0.510988 0.559747 0.569399 0.561915 0.558423 0.565464 0.506144 0.503581 0.536866 0.555582 0.502691 0.502692 0.504954 0.503261 0.544767 0.531728 0.530989 0.567221 0.565965 0.514476 0.513431 0.517180 0.514899 0.504623 0.504016 0.529932 0.530915 0.535774
