0.653076 0.680447 0.763802 0.643028 0.825227 0.503116 0.587346 0.878998 0.907778 0.577378 0.820795 0.713893 0.581842 0.454523 0.677930 0.665712 0.857078 0.613260 0.544261 0.571003 0.430674 0.600665 0.508299 0.592388 0.443858 0.699361 0.657193 0.632243 0.523530 0.594521 0.514936 0.654974 0.657196 0.621146 0.859178 0.667285 0.675141 0.467635 0.672722 0.504820 0.481415 0.633025 0.679858 0.639645 0.645589 0.651850 0.464711 0.560639 0.600856 0.638827 0.486999 0.532242 0.574905 0.523277 0.562636 0.719637 0.683721 0.790564 0.781012 0.587774 0.622113 0.496173 0.458786 0.569477 0.594232 0.706979 0.632770 0.710588
0.680447 0.703753 0.744855 0.747507 0.876343 0.792646 0.740089 0.870605 0.811666 0.750106 0.608438 0.594396 0.576175 0.471209 0.645144 0.690375 0.609491 0.657748 0.825036 0.990737 0.452079 0.699073 0.791316 0.652944 0.618159 0.693128 0.665691 1.040442 0.654959 0.633511 0.629428 0.642531 0.710619 0.658187 0.734586 1.227424 0.777347 0.543739 0.934078 0.808903 0.620184 0.829931 0.828766 0.808238 0.539558 0.722248 0.594799 0.507737 0.683468 0.627966 0.486796 0.478272 0.481684 0.505672 0.525792 0.658299 0.699163 0.919426 0.859190 0.616022 0.616906 0.555838 0.476707 0.576995 0.641806 0.638937 0.651763 0.640713
0.763802 0.744855 0.746406 0.745041 1.082050 0.688830 0.686235 0.796182 0.864964 0.821779 1.000249 0.854606 0.617320 0.511511 0.783309 0.777228 0.800345 0.602898 0.627808 0.794428 0.565137 0.896373 0.705629 0.672428 0.587661 0.966606 0.652157 0.783916 0.750822 0.722784 0.630318 0.877338 0.615375 0.605246 0.664079 0.757621 1.238078 0.585095 1.049710 0.700706 0.575294 0.652442 0.755356 0.918499 0.997508 0.886349 0.613934 0.528698 0.788457 0.774952 0.545979 0.523781 0.620992 0.658817 0.637013 0.727587 0.672649 0.954785 0.957709 0.547530 0.584160 0.676993 0.628119 0.615466 0.590397 0.685482 0.657937 0.727205
0.643028 0.747507 0.745041 0.679572 0.724673 0.914433 0.850484 0.943550 0.796079 0.697169 0.641428 0.707002 0.663120 0.509143 0.663555 0.684606 0.525225 0.718484 0.692480 0.743936 0.540339 0.590693 0.715777 0.558696 0.665200 0.714187 0.674028 0.690383 0.678359 0.545962 0.590388 0.688784 0.664711 0.566279 0.666598 0.719616 0.700162 0.727124 0.753934 0.810614 0.740050 0.852627 0.784877 0.778189 0.605702 0.732770 0.534907 0.546944 0.703709 0.710679 0.505010 0.563939 0.493203 0.504336 0.509420 0.649833 0.594117 0.812957 0.775283 0.620787 0.636847 0.685553 0.559770 0.519910 0.528044 0.554081 0.538393 0.615866
0.825227 0.876343 1.082050 0.724673 0.715584 0.624905 0.622349 0.840160 0.833949 0.815189 0.809939 0.851863 0.610274 0.473380 0.747058 0.779406 0.650852 0.688551 0.671751 0.774076 0.506664 0.751814 0.628579 0.721663 0.493827 0.759068 0.735682 0.818579 0.617579 0.567987 0.575393 0.746952 0.802710 0.588954 0.784806 0.913080 1.022615 0.585658 1.123173 0.638964 0.562052 0.755670 0.738589 0.894687 0.752265 0.908313 0.466489 0.483810 0.766771 0.807535 0.483468 0.513081 0.534759 0.551135 0.636073 0.669764 0.669532 0.964719 0.917174 0.582198 0.576722 0.550586 0.519379 0.589273 0.621525 0.753733 0.703788 0.666993
0.503116 0.792646 0.688830 0.914433 0.624905 0.706807 0.951835 0.947471 0.984651 0.620157 0.607979 0.589399 0.671283 0.556125 0.597818 0.579442 0.516166 0.617654 0.814284 0.740214 0.527383 0.609475 1.050616 0.529668 0.955394 0.713315 0.559480 0.622030 0.857378 0.794187 0.670128 0.642182 0.335668 0.506599 0.375849 0.753129 0.703043 0.752436 0.638502 1.242319 0.881898 0.723345 0.942253 0.712277 0.625484 0.591004 0.806906 0.605786 0.648044 0.572059 0.529408 0.569833 0.520665 0.551123 0.490236 0.622472 0.592866 0.843534 0.935023 0.608146 0.629652 0.782069 0.679677 0.583690 0.596255 0.553582 0.497513 0.673458
0.587346 0.740089 0.686235 0.850484 0.622349 0.951835 0.676568 0.954763 1.026450 0.562537 0.549331 0.512091 0.642820 0.589021 0.645688 0.569835 0.512375 0.673889 0.708587 0.596587 0.515516 0.573826 0.801967 0.524871 0.707687 0.735335 0.701345 0.539073 0.856654 0.650494 0.602545 0.697858 0.432388 0.614100 0.456517 0.723700 0.718380 0.563820 0.674021 0.859933 0.909775 0.719167 0.909739 0.581007 0.611788 0.499776 0.717516 0.600276 0.717951 0.537018 0.501728 0.563698 0.430495 0.551032 0.526782 0.740414 0.652247 0.848155 0.862753 0.674791 0.683085 0.793933 0.569411 0.624932 0.581715 0.554905 0.528256 0.620897
0.878998 0.870605 0.796182 0.943550 0.840160 0.947471 0.954763 0.747381 1.120208 0.737872 0.703644 0.881926 0.599495 0.435385 0.684936 0.694808 0.669072 0.718808 0.905823 0.677993 0.497910 0.604184 0.850489 0.723436 0.631707 0.799164 0.772334 0.676138 0.694377 0.620219 0.549014 0.759257 0.698575 0.667968 0.744746 0.841937 0.737661 0.625476 0.772020 0.767233 0.667633 1.050427 0.853018 0.801606 0.598786 0.795081 0.529637 0.502682 0.680717 0.650096 0.536920 0.529032 0.462805 0.515589 0.596464 0.760982 0.699028 1.000783 1.005485 0.669357 0.663679 0.725466 0.465907 0.588067 0.580560 0.632798 0.521023 0.747939
0.907778 0.811666 0.864964 0.796079 0.833949 0.984651 1.026450 1.120208 0.743000 0.552855 0.733004 0.641022 0.671268 0.531829 0.648813 0.589578 0.715439 0.581256 0.727932 0.569046 0.500730 0.625435 0.870271 0.626851 0.687856 0.808800 0.634897 0.575787 0.902741 0.773508 0.591931 0.775450 0.338161 0.679685 0.472653 0.803451 0.823003 0.466044 0.704630 0.851518 0.784027 0.591986 0.948573 0.607575 0.654641 0.491234 0.765576 0.665979 0.672876 0.495238 0.538943 0.556074 0.552694 0.595231 0.594850 0.849706 0.726001 0.941729 1.104626 0.720426 0.737394 0.761765 0.597843 0.673238 0.637437 0.678787 0.576028 0.748934
0.577378 0.750106 0.821779 0.697169 0.815189 0.620157 0.562537 0.737872 0.552855 0.673770 0.676361 0.970019 0.496663 0.465272 0.539371 0.623499 0.644807 0.603304 0.660190 0.851350 0.560076 0.985504 0.809352 0.916053 0.560358 0.808797 0.672942 0.917374 0.543088 0.562979 0.618948 0.674929 0.800983 0.510040 0.688756 0.724656 0.791661 0.580402 0.861383 0.691381 0.418727 0.777877 0.600469 1.294893 0.649362 0.952791 0.407481 0.377939 0.577533 0.599513 0.573056 0.528359 0.524063 0.550419 0.543787 0.578484 0.610859 0.857307 0.828749 0.539905 0.510764 0.596852 0.523096 0.513634 0.555143 0.576772 0.575382 0.562663
0.820795 0.608438 1.000249 0.641428 0.809939 0.607979 0.549331 0.703644 0.733004 0.676361 0.686831 0.721204 0.576960 0.518179 0.829346 0.719650 0.920862 0.520216 0.550287 0.693526 0.531613 0.781321 0.638152 0.653499 0.558057 0.931960 0.574922 0.682515 0.622870 0.737075 0.621759 0.749098 0.543568 0.653601 0.683196 0.603539 0.957163 0.522067 0.758524 0.631811 0.481258 0.585460 0.619034 0.745600 1.073732 0.722918 0.562146 0.493048 0.731238 0.714278 0.527616 0.527555 0.662798 0.624810 0.548637 0.673453 0.602376 0.802502 0.863299 0.527735 0.545765 0.602008 0.604125 0.554203 0.539811 0.640931 0.604558 0.658434
0.713893 0.594396 0.854606 0.707002 0.851863 0.589399 0.512091 0.881926 0.641022 0.970019 0.721204 0.651055 0.502683 0.408519 0.542771 0.699010 0.584948 0.625580 0.734603 0.618968 0.524234 0.658246 0.658047 0.938932 0.494473 0.500283 0.728953 0.629928 0.474606 0.564556 0.496729 0.739715 0.924311 0.583629 0.754513 0.629776 0.742701 0.640891 0.738149 0.529460 0.409294 0.868673 0.539619 1.007442 0.598670 1.121538 0.333017 0.361488 0.608739 0.752591 0.512923 0.475664 0.556469 0.570523 0.606419 0.543334 0.578279 0.855318 0.763068 0.513149 0.507540 0.554709 0.484797 0.469627 0.476699 0.567880 0.544476 0.583731
0.581842 0.576175 0.617320 0.663120 0.610274 0.671283 0.642820 0.599495 0.671268 0.496663 0.576960 0.502683 0.595656 0.500756 0.593065 0.576843 0.553465 0.567513 0.516865 0.614064 0.492733 0.596379 0.630742 0.508657 0.532325 0.644545 0.536641 0.566356 0.633262 0.654437 0.560164 0.620871 0.486599 0.588164 0.537853 0.605980 0.658738 0.607834 0.639975 0.673676 0.621525 0.547023 0.724369 0.567635 0.564131 0.554512 0.708335 0.563114 0.586755 0.615126 0.492581 0.530492 0.473627 0.557234 0.550606 0.545525 0.539628 0.663507 0.616258 0.579652 0.574838 0.585376 0.543270 0.550358 0.527439 0.594619 0.603971 0.574384
0.454523 0.471209 0.511511 0.509143 0.473380 0.556125 0.589021 0.435385 0.531829 0.465272 0.518179 0.408519 0.500756 0.512566 0.518200 0.484407 0.476723 0.526174 0.450381 0.454549 0.523615 0.528683 0.507155 0.429475 0.502397 0.528586 0.442074 0.438851 0.579057 0.541393 0.559248 0.521364 0.418564 0.521375 0.410663 0.458138 0.521046 0.479045 0.467039 0.555026 0.599969 0.421028 0.555203 0.454488 0.554086 0.431799 0.600727 0.559659 0.565740 0.488214 0.491997 0.562483 0.473500 0.527000 0.422147 0.515985 0.543901 0.508392 0.506862 0.519183 0.488006 0.580567 0.543508 0.479068 0.406301 0.454389 0.458824 0.505305
0.677930 0.645144 0.783309 0.663555 0.747058 0.597818 0.645688 0.684936 0.648813 0.539371 0.829346 0.542771 0.593065 0.518200 0.633945 0.730187 0.680442 0.623878 0.604672 0.629236 0.520415 0.586328 0.575668 0.534918 0.521077 0.739959 0.632676 0.633893 0.655443 0.629786 0.596546 0.641638 0.598868 0.634439 0.695951 0.642371 0.793072 0.594968 0.777543 0.622757 0.605710 0.680956 0.727280 0.596608 0.792119 0.658328 0.569332 0.521218 0.724532 0.728823 0.509744 0.446661 0.544281 0.530496 0.527070 0.632563 0.633363 0.753233 0.685625 0.539443 0.555668 0.565998 0.533758 0.570108 0.608127 0.651697 0.610785 0.623509
0.665712 0.690375 0.777228 0.684606 0.779406 0.579442 0.569835 0.694808 0.589578 0.623499 0.719650 0.699010 0.576843 0.484407 0.730187 0.620585 0.562699 0.650545 0.547824 0.720723 0.489181 0.610795 0.500319 0.522877 0.502639 0.683388 0.634886 0.671935 0.537693 0.500385 0.537045 0.607084 0.729685 0.517309 0.722737 0.685108 0.760033 0.608268 0.810293 0.555305 0.535553 0.689036 0.632857 0.694020 0.693415 0.774152 0.489933 0.489611 0.732595 0.832883 0.490948 0.572674 0.538932 0.506540 0.549320 0.593246 0.582858 0.697371 0.654936 0.535258 0.531313 0.571849 0.475463 0.575223 0.577626 0.580145 0.602878 0.528955
0.857078 0.609491 0.800345 0.525225 0.650852 0.516166 0.512375 0.669072 0.715439 0.644807 0.920862 0.584948 0.553465 0.476723 0.680442 0.562699 0.661733 0.479036 0.756716 0.613900 0.529860 0.797778 0.879719 0.686676 0.538180 0.808905 0.585969 0.630349 0.646440 0.998926 0.594845 0.639108 0.516317 0.810399 0.860550 0.558637 0.758223 0.443243 0.598294 0.677618 0.454774 0.648278 0.787266 0.661019 0.911559 0.636562 0.648474 0.611087 0.586192 0.559534 0.476520 0.469887 0.590614 0.612507 0.495248 0.688537 0.690067 0.820986 0.756564 0.559888 0.622636 0.578585 0.552017 0.567724 0.522591 0.592585 0.601460 0.666891
0.613260 0.657748 0.602898 0.718484 0.688551 0.617654 0.673889 0.718808 0.581256 0.603304 0.520216 0.625580 0.567513 0.526174 0.623878 0.650545 0.479036 0.593419 0.629746 0.626345 0.517464 0.529876 0.539530 0.524017 0.500978 0.593814 0.696003 0.610218 0.546002 0.471642 0.540235 0.586943 0.765451 0.487496 0.727377 0.671240 0.600118 0.638067 0.731330 0.618159 0.610745 0.801040 0.733566 0.650430 0.533558 0.748578 0.462982 0.470616 0.629926 0.728280 0.456270 0.523486 0.461839 0.458425 0.510392 0.535567 0.628067 0.686583 0.566337 0.588747 0.571354 0.573543 0.504090 0.544119 0.518969 0.550423 0.555925 0.524942
0.544261 0.825036 0.627808 0.692480 0.671751 0.814284 0.708587 0.905823 0.727932 0.660190 0.550287 0.734603 0.516865 0.450381 0.604672 0.547824 0.756716 0.629746 0.687665 0.622562 0.547092 0.591262 1.164606 0.875822 0.672582 0.527777 0.792171 0.614512 0.704697 1.005005 0.624242 0.589351 0.796985 0.983410 0.895497 0.825485 0.644605 0.641766 0.689368 0.849841 0.663008 1.143830 1.024712 0.682230 0.604951 0.864251 0.657447 0.545616 0.624255 0.568623 0.497542 0.455220 0.437690 0.538408 0.506692 0.622837 0.758340 1.013429 0.797004 0.610173 0.603764 0.645192 0.501607 0.553834 0.594703 0.549003 0.522458 0.683378
0.571003 0.990737 0.794428 0.743936 0.774076 0.740214 0.596587 0.677993 0.569046 0.851350 0.693526 0.618968 0.614064 0.454549 0.629236 0.720723 0.613900 0.626345 0.622562 0.676741 0.529766 0.821415 0.667093 0.582930 0.645778 0.903612 0.611850 1.099074 0.553468 0.561338 0.611473 0.620682 0.697467 0.502927 0.692110 0.983206 0.870319 0.666571 0.883844 0.795851 0.556577 0.780993 0.649754 0.961673 0.731750 0.784889 0.550669 0.471135 0.656504 0.731395 0.524718 0.535388 0.486669 0.534510 0.547545 0.621855 0.581739 0.759386 0.709799 0.537286 0.512270 0.557882 0.540551 0.541861 0.564972 0.595908 0.646537 0.569616
0.430674 0.452079 0.565137 0.540339 0.506664 0.527383 0.515516 0.497910 0.500730 0.560076 0.531613 0.524234 0.492733 0.523615 0.520415 0.489181 0.529860 0.517464 0.547092 0.529766 0.537699 0.588180 0.554201 0.570850 0.540015 0.551866 0.582125 0.513446 0.609438 0.566248 0.548107 0.563986 0.491826 0.576769 0.525405 0.486584 0.557682 0.593608 0.494691 0.529001 0.565059 0.549663 0.520857 0.548852 0.562096 0.589175 0.519031 0.541559 0.520900 0.520194 0.556288 0.514746 0.478570 0.585624 0.461221 0.517944 0.532140 0.553236 0.503079 0.495940 0.479919 0.517806 0.536472 0.584651 0.525801 0.500259 0.477954 0.538295
0.600665 0.699073 0.896373 0.590693 0.751814 0.609475 0.573826 0.604184 0.625435 0.985504 0.781321 0.658246 0.596379 0.528683 0.586328 0.610795 0.797778 0.529876 0.591262 0.821415 0.588180 0.682942 0.824121 0.777258 0.584451 0.951314 0.600238 0.872032 0.670871 0.738424 0.689449 0.696682 0.570996 0.625099 0.638605 0.666211 0.837611 0.532229 0.805622 0.744251 0.538362 0.596060 0.750183 0.987695 0.781023 0.773621 0.647368 0.532964 0.644806 0.626660 0.558468 0.546004 0.581305 0.572691 0.511712 0.638330 0.656197 0.835788 0.779557 0.541891 0.592455 0.620817 0.596638 0.531702 0.568440 0.587430 0.626764 0.620185
0.508299 0.791316 0.705629 0.715777 0.628579 1.050616 0.801967 0.850489 0.870271 0.809352 0.638152 0.658047 0.630742 0.507155 0.575668 0.500319 0.879719 0.539530 1.164606 0.667093 0.554201 0.824121 0.737433 0.902885 0.844171 0.732243 0.656291 0.658028 0.900833 1.189812 0.697552 0.642458 0.539242 0.923520 0.676147 0.739579 0.718450 0.627805 0.664157 1.143106 0.766025 0.916119 1.115988 0.814433 0.686462 0.765438 0.853507 0.634811 0.584559 0.466191 0.519648 0.496150 0.513575 0.615104 0.492862 0.668463 0.755583 1.035453 0.947966 0.632385 0.655000 0.742686 0.651753 0.580577 0.609335 0.587960 0.549934 0.690693
0.592388 0.652944 0.672428 0.558696 0.721663 0.529668 0.524871 0.723436 0.626851 0.916053 0.653499 0.938932 0.508657 0.429475 0.534918 0.522877 0.686676 0.524017 0.875822 0.582930 0.570850 0.777258 0.902885 0.651010 0.545137 0.513847 0.804072 0.643103 0.591793 0.828323 0.559930 0.659005 0.839436 0.884127 0.726074 0.673078 0.679977 0.541654 0.715569 0.576668 0.473363 0.849906 0.630301 0.930108 0.600909 0.914887 0.498428 0.477496 0.560372 0.536686 0.547994 0.457785 0.528597 0.614641 0.567897 0.533796 0.637417 0.925822 0.845277 0.539695 0.538507 0.549856 0.548853 0.518235 0.565947 0.567884 0.533793 0.605939
0.443858 0.618159 0.587661 0.665200 0.493827 0.955394 0.707687 0.631707 0.687856 0.560358 0.558057 0.494473 0.532325 0.502397 0.521077 0.502639 0.538180 0.500978 0.672582 0.645778 0.540015 0.584451 0.844171 0.545137 0.609985 0.604579 0.545379 0.618871 0.789775 0.718204 0.634489 0.597698 0.373785 0.525582 0.424730 0.607400 0.594663 0.615665 0.534824 0.948606 0.729940 0.581737 0.718264 0.615270 0.588001 0.505448 0.662265 0.583063 0.541954 0.544214 0.548121 0.503259 0.525394 0.517125 0.434503 0.525320 0.566761 0.650762 0.700855 0.564543 0.636256 0.637116 0.667166 0.513248 0.534468 0.501951 0.548587 0.581104
0.699361 0.693128 0.966606 0.714187 0.759068 0.713315 0.735335 0.799164 0.808800 0.808797 0.931960 0.500283 0.644545 0.528586 0.739959 0.683388 0.808905 0.593814 0.527777 0.903612 0.551866 0.951314 0.732243 0.513847 0.604579 0.712615 0.548298 0.824023 0.748684 0.637794 0.673425 0.744750 0.442538 0.561458 0.562550 0.745928 0.993278 0.535438 0.872056 0.727195 0.598792 0.620897 0.735565 0.897591 0.957648 0.631959 0.677784 0.531904 0.698333 0.656007 0.557369 0.588279 0.591319 0.576377 0.493516 0.730439 0.674214 0.841442 0.881286 0.594487 0.614500 0.693918 0.611897 0.625609 0.598567 0.642814 0.614224 0.671368
0.657193 0.665691 0.652157 0.674028 0.735682 0.559480 0.701345 0.772334 0.634897 0.672942 0.574922 0.728953 0.536641 0.442074 0.632676 0.634886 0.585969 0.696003 0.792171 0.611850 0.582125 0.600238 0.656291 0.804072 0.545379 0.548298 0.649125 0.604052 0.712957 0.621035 0.535714 0.672350 0.896152 0.802110 0.933028 0.692170 0.680723 0.641436 0.774648 0.568128 0.669920 0.984158 0.771933 0.724908 0.618309 0.862301 0.484765 0.494654 0.689230 0.782347 0.553405 0.501478 0.500790 0.571038 0.552111 0.649315 0.707982 0.878927 0.660391 0.618900 0.573097 0.591092 0.527326 0.538015 0.566864 0.602251 0.616441 0.581103
0.632243 1.040442 0.783916 0.690383 0.818579 0.622030 0.539073 0.676138 0.575787 0.917374 0.682515 0.629928 0.566356 0.438851 0.633893 0.671935 0.630349 0.610218 0.614512 1.099074 0.513446 0.872032 0.658028 0.643103 0.618871 0.824023 0.604052 0.664723 0.492831 0.530755 0.630409 0.608051 0.745425 0.525349 0.723217 1.043837 0.820027 0.543527 0.904534 0.701722 0.461761 0.734549 0.636832 0.989134 0.654830 0.774066 0.493307 0.429913 0.631870 0.674173 0.535741 0.527297 0.479527 0.496530 0.557082 0.591509 0.623446 0.769060 0.699208 0.521245 0.535160 0.507412 0.482891 0.536453 0.616228 0.655388 0.639844 0.508792
0.523530 0.654959 0.750822 0.678359 0.617579 0.857378 0.856654 0.694377 0.902741 0.543088 0.622870 0.474606 0.633262 0.579057 0.655443 0.537693 0.646440 0.546002 0.704697 0.553468 0.609438 0.670871 0.900833 0.591793 0.789775 0.748684 0.712957 0.492831 0.671873 0.864017 0.667623 0.710741 0.336075 0.708531 0.447518 0.654502 0.736485 0.506703 0.649160 0.865762 0.907470 0.555545 0.905370 0.562794 0.723586 0.510569 0.827335 0.664175 0.657706 0.553723 0.547362 0.560164 0.587631 0.617805 0.525356 0.669668 0.678639 0.818919 0.807403 0.601796 0.654817 0.762274 0.665940 0.586264 0.572364 0.586996 0.562530 0.696595
0.594521 0.633511 0.722784 0.545962 0.567987 0.794187 0.650494 0.620219 0.773508 0.562979 0.737075 0.564556 0.654437 0.541393 0.629786 0.500385 0.998926 0.471642 1.005005 0.561338 0.566248 0.738424 1.189812 0.828323 0.718204 0.637794 0.621035 0.530755 0.864017 0.686609 0.669166 0.652737 0.450009 1.058362 0.742539 0.595966 0.746047 0.564457 0.559745 0.958918 0.684884 0.739973 1.034680 0.590553 0.819448 0.673389 0.949272 0.737306 0.595871 0.494397 0.507998 0.493070 0.558881 0.640065 0.517429 0.611933 0.725033 0.916921 0.792903 0.591951 0.642662 0.639434 0.617989 0.555032 0.573332 0.572511 0.549234 0.674655
0.514936 0.629428 0.630318 0.590388 0.575393 0.670128 0.602545 0.549014 0.591931 0.618948 0.621759 0.496729 0.560164 0.559248 0.596546 0.537045 0.594845 0.540235 0.624242 0.611473 0.548107 0.689449 0.697552 0.559930 0.634489 0.673425 0.535714 0.630409 0.667623 0.669166 0.600466 0.526395 0.482865 0.537073 0.543465 0.606437 0.634134 0.534130 0.646990 0.740478 0.624253 0.552222 0.642633 0.663917 0.646425 0.567438 0.573867 0.493866 0.589400 0.566611 0.515204 0.500705 0.515291 0.567333 0.542202 0.581947 0.600347 0.668293 0.651255 0.513600 0.576924 0.582908 0.615807 0.508026 0.603540 0.586762 0.572278 0.567284
0.654974 0.642531 0.877338 0.688784 0.746952 0.642182 0.697858 0.759257 0.775450 0.674929 0.749098 0.739715 0.620871 0.521364 0.641638 0.607084 0.639108 0.586943 0.589351 0.620682 0.563986 0.696682 0.642458 0.659005 0.597698 0.744750 0.672350 0.608051 0.710741 0.652737 0.526395 0.663317 0.592543 0.616444 0.611583 0.630514 0.849068 0.600654 0.771192 0.674683 0.593499 0.626523 0.728558 0.753188 0.763333 0.743079 0.587639 0.538356 0.681778 0.652179 0.534138 0.534830 0.533437 0.612368 0.542179 0.646392 0.628685 0.826805 0.779054 0.519647 0.602954 0.624409 0.602471 0.551327 0.542430 0.588156 0.621856 0.620614
0.657196 0.710619 0.615375 0.664711 0.802710 0.335668 0.432388 0.698575 0.338161 0.800983 0.543568 0.924311 0.486599 0.418564 0.598868 0.729685 0.516317 0.765451 0.796985 0.697467 0.491826 0.570996 0.539242 0.839436 0.373785 0.442538 0.896152 0.745425 0.336075 0.450009 0.482865 0.592543 0.591072 0.634699 1.110759 0.726852 0.589938 0.726670 0.915454 0.381945 0.410985 1.098305 0.649728 0.870781 0.518456 1.119843 0.194690 0.363838 0.595088 0.902873 0.480745 0.434519 0.400203 0.494015 0.540612 0.476922 0.655293 0.827626 0.526908 0.519335 0.495342 0.399854 0.380673 0.452082 0.506670 0.600689 0.627385 0.536624
0.621146 0.658187 0.605246 0.566279 0.588954 0.506599 0.614100 0.667968 0.679685 0.510040 0.653601 0.583629 0.588164 0.521375 0.634439 0.517309 0.810399 0.487496 0.983410 0.502927 0.576769 0.625099 0.923520 0.884127 0.525582 0.561458 0.802110 0.525349 0.708531 1.058362 0.537073 0.616444 0.634699 0.643088 0.861086 0.639265 0.646101 0.488875 0.548989 0.554796 0.618529 0.871264 0.851107 0.496550 0.668308 0.610495 0.812329 0.669164 0.621083 0.522247 0.505219 0.475655 0.516692 0.600856 0.498691 0.619764 0.713561 0.895347 0.694403 0.625533 0.644191 0.576611 0.506509 0.568384 0.547978 0.543248 0.508982 0.603505
0.859178 0.734586 0.664079 0.666598 0.784806 0.375849 0.456517 0.744746 0.472653 0.688756 0.683196 0.754513 0.537853 0.410663 0.695951 0.722737 0.860550 0.727377 0.895497 0.692110 0.525405 0.638605 0.676147 0.726074 0.424730 0.562550 0.933028 0.723217 0.447518 0.742539 0.543465 0.611583 1.110759 0.861086 0.642012 0.728508 0.622485 0.658858 0.791502 0.516338 0.499349 1.109049 0.829277 0.737236 0.659618 0.981077 0.389591 0.510636 0.630234 0.822540 0.488217 0.465737 0.463908 0.522156 0.538941 0.595719 0.760149 0.912996 0.549250 0.579000 0.563532 0.424431 0.391999 0.517418 0.567518 0.636020 0.656427 0.588336
0.667285 1.227424 0.757621 0.719616 0.913080 0.753129 0.723700 0.841937 0.803451 0.724656 0.603539 0.629776 0.605980 0.458138 0.642371 0.685108 0.558637 0.671240 0.825485 0.983206 0.486584 0.666211 0.739579 0.673078 0.607400 0.745928 0.692170 1.043837 0.654502 0.595966 0.606437 0.630514 0.726852 0.639265 0.728508 0.700182 0.805617 0.536251 0.954163 0.753844 0.620951 0.836951 0.816920 0.802460 0.586909 0.730677 0.581103 0.491011 0.704324 0.651226 0.499156 0.522067 0.500716 0.568845 0.565224 0.681440 0.689498 0.974943 0.878529 0.594770 0.601644 0.576236 0.512207 0.613320 0.638225 0.678604 0.624444 0.643433
0.675141 0.777347 1.238078 0.700162 1.022615 0.703043 0.718380 0.737661 0.823003 0.791661 0.957163 0.742701 0.658738 0.521046 0.793072 0.760033 0.758223 0.600118 0.644605 0.870319 0.557682 0.837611 0.718450 0.679977 0.594663 0.993278 0.680723 0.820027 0.736485 0.746047 0.634134 0.849068 0.589938 0.646101 0.622485 0.805617 0.739496 0.591938 1.107420 0.710922 0.590833 0.673574 0.764601 0.913170 1.015865 0.886110 0.676369 0.504412 0.795923 0.768187 0.544036 0.546684 0.603934 0.633017 0.623152 0.684762 0.658776 0.922992 0.941071 0.565478 0.554707 0.666963 0.652360 0.602917 0.590331 0.661659 0.697104 0.684455
0.467635 0.543739 0.585095 0.727124 0.585658 0.752436 0.563820 0.625476 0.466044 0.580402 0.522067 0.640891 0.607834 0.479045 0.594968 0.608268 0.443243 0.638067 0.641766 0.666571 0.593608 0.532229 0.627805 0.541654 0.615665 0.535438 0.641436 0.543527 0.506703 0.564457 0.534130 0.600654 0.726670 0.488875 0.658858 0.536251 0.591938 0.581754 0.657606 0.714885 0.600058 0.798273 0.701983 0.695331 0.557428 0.783191 0.506165 0.510071 0.584410 0.765356 0.502189 0.511405 0.455097 0.532987 0.501746 0.471904 0.565484 0.644828 0.530179 0.521422 0.487706 0.555188 0.539866 0.479198 0.476192 0.529169 0.576272 0.545733
0.672722 0.934078 1.049710 0.753934 1.123173 0.638502 0.674021 0.772020 0.704630 0.861383 0.758524 0.738149 0.639975 0.467039 0.777543 0.810293 0.598294 0.731330 0.689368 0.883844 0.494691 0.805622 0.664157 0.715569 0.534824 0.872056 0.774648 0.904534 0.649160 0.559745 0.646990 0.771192 0.915454 0.548989 0.791502 0.954163 1.107420 0.657606 0.721210 0.673266 0.579982 0.848547 0.831259 1.009510 0.799423 0.999334 0.503808 0.479873 0.787570 0.839253 0.534201 0.502539 0.517551 0.586027 0.600315 0.649349 0.712774 1.005352 0.863520 0.602068 0.567716 0.556195 0.548077 0.587556 0.657998 0.733599 0.751328 0.639362
0.504820 0.808903 0.700706 0.810614 0.638964 1.242319 0.859933 0.767233 0.851518 0.691381 0.631811 0.529460 0.673676 0.555026 0.622757 0.555305 0.677618 0.618159 0.849841 0.795851 0.529001 0.744251 1.143106 0.576668 0.948606 0.727195 0.568128 0.701722 0.865762 0.958918 0.740478 0.674683 0.381945 0.554796 0.516338 0.753844 0.710922 0.714885 0.673266 0.713566 0.874145 0.719729 1.042479 0.773221 0.677432 0.653160 0.846260 0.631208 0.639197 0.544202 0.521140 0.549163 0.534249 0.588348 0.493762 0.608763 0.672283 0.897344 0.884339 0.587738 0.670309 0.740256 0.694855 0.590813 0.634395 0.582141 0.583190 0.641758
0.481415 0.620184 0.575294 0.740050 0.562052 0.881898 0.909775 0.667633 0.784027 0.418727 0.481258 0.409294 0.621525 0.599969 0.605710 0.535553 0.454774 0.610745 0.663008 0.556577 0.565059 0.538362 0.766025 0.473363 0.729940 0.598792 0.669920 0.461761 0.907470 0.684884 0.624253 0.593499 0.410985 0.618529 0.499349 0.620951 0.590833 0.600058 0.579982 0.874145 0.618095 0.629361 0.892855 0.473283 0.561580 0.486419 0.722325 0.556354 0.657099 0.564358 0.487598 0.589592 0.481691 0.540158 0.493544 0.657474 0.663288 0.720602 0.679962 0.611710 0.643066 0.700666 0.624366 0.589908 0.562220 0.562543 0.530568 0.583684
0.633025 0.829931 0.652442 0.852627 0.755670 0.723345 0.719167 1.050427 0.591986 0.777877 0.585460 0.868673 0.547023 0.421028 0.680956 0.689036 0.648278 0.801040 1.143830 0.780993 0.549663 0.596060 0.916119 0.849906 0.581737 0.620897 0.984158 0.734549 0.555545 0.739973 0.552222 0.626523 1.098305 0.871264 1.109049 0.836951 0.673574 0.798273 0.848547 0.719729 0.629361 0.696189 0.900291 0.865108 0.611283 1.079392 0.474315 0.467935 0.691855 0.800332 0.527645 0.492729 0.416352 0.502992 0.526710 0.602451 0.716873 1.041657 0.695775 0.602594 0.584880 0.559511 0.425295 0.532096 0.558062 0.554956 0.568440 0.664029
0.679858 0.828766 0.755356 0.784877 0.738589 0.942253 0.909739 0.853018 0.948573 0.600469 0.619034 0.539619 0.724369 0.555203 0.727280 0.632857 0.787266 0.733566 1.024712 0.649754 0.520857 0.750183 1.115988 0.630301 0.718264 0.735565 0.771933 0.636832 0.905370 1.034680 0.642633 0.728558 0.649728 0.851107 0.829277 0.816920 0.764601 0.701983 0.831259 1.042479 0.892855 0.900291 0.742042 0.661433 0.715755 0.758842 0.882117 0.681698 0.709659 0.669038 0.505892 0.518155 0.482930 0.602135 0.549055 0.736814 0.844698 1.044202 0.842255 0.667175 0.734841 0.733148 0.583762 0.638778 0.632642 0.652191 0.650867 0.688534
0.639645 0.808238 0.918499 0.778189 0.894687 0.712277 0.581007 0.801606 0.607575 1.294893 0.745600 1.007442 0.567635 0.454488 0.596608 0.694020 0.661019 0.650430 0.682230 0.961673 0.548852 0.987695 0.814433 0.930108 0.615270 0.897591 0.724908 0.989134 0.562794 0.590553 0.663917 0.753188 0.870781 0.496550 0.737236 0.802460 0.913170 0.695331 1.009510 0.773221 0.473283 0.865108 0.661433 0.717705 0.726560 1.119242 0.440655 0.389616 0.648256 0.739220 0.570769 0.515622 0.536546 0.573735 0.537591 0.586091 0.637314 0.952824 0.881258 0.535644 0.496707 0.570189 0.552378 0.536187 0.561298 0.613974 0.656985 0.577415
0.645589 0.539558 0.997508 0.605702 0.752265 0.625484 0.611788 0.598786 0.654641 0.649362 1.073732 0.598670 0.564131 0.554086 0.792119 0.693415 0.911559 0.533558 0.604951 0.731750 0.562096 0.781023 0.686462 0.600909 0.588001 0.957648 0.618309 0.654830 0.723586 0.819448 0.646425 0.763333 0.518456 0.668308 0.659618 0.586909 1.015865 0.557428 0.799423 0.677432 0.561580 0.611283 0.715755 0.726560 0.676293 0.752663 0.636517 0.553987 0.852013 0.777226 0.532957 0.536816 0.645474 0.647525 0.520761 0.610191 0.631339 0.796712 0.793312 0.529600 0.541532 0.630570 0.649489 0.595225 0.523881 0.610583 0.619148 0.662268
0.651850 0.722248 0.886349 0.732770 0.908313 0.591004 0.499776 0.795081 0.491234 0.952791 0.722918 1.121538 0.554512 0.431799 0.658328 0.774152 0.636562 0.748578 0.864251 0.784889 0.589175 0.773621 0.765438 0.914887 0.505448 0.631959 0.862301 0.774066 0.510569 0.673389 0.567438 0.743079 1.119843 0.610495 0.981077 0.730677 0.886110 0.783191 0.999334 0.653160 0.486419 1.079392 0.758842 1.119242 0.752663 0.687656 0.366968 0.393112 0.691463 0.907950 0.510073 0.459633 0.514050 0.567678 0.572570 0.519114 0.697453 0.974837 0.721952 0.493427 0.502032 0.532891 0.485592 0.512301 0.528342 0.602855 0.690868 0.613085
0.464711 0.594799 0.613934 0.534907 0.466489 0.806906 0.717516 0.529637 0.765576 0.407481 0.562146 0.333017 0.708335 0.600727 0.569332 0.489933 0.648474 0.462982 0.657447 0.550669 0.519031 0.647368 0.853507 0.498428 0.662265 0.677784 0.484765 0.493307 0.827335 0.949272 0.573867 0.587639 0.194690 0.812329 0.389591 0.581103 0.676369 0.506165 0.503808 0.846260 0.722325 0.474315 0.882117 0.440655 0.636517 0.366968 0.605156 0.734806 0.580383 0.403221 0.505265 0.468184 0.530068 0.562938 0.502220 0.604363 0.621916 0.667964 0.627393 0.604943 0.628495 0.635459 0.582459 0.548611 0.556232 0.586264 0.572680 0.580087
0.560639 0.507737 0.528698 0.546944 0.483810 0.605786 0.600276 0.502682 0.665979 0.377939 0.493048 0.361488 0.563114 0.559659 0.521218 0.489611 0.611087 0.470616 0.545616 0.471135 0.541559 0.532964 0.634811 0.477496 0.583063 0.531904 0.494654 0.429913 0.664175 0.737306 0.493866 0.538356 0.363838 0.669164 0.510636 0.491011 0.504412 0.510071 0.479873 0.631208 0.556354 0.467935 0.681698 0.389616 0.553987 0.393112 0.734806 0.544927 0.483789 0.477183 0.528322 0.541511 0.547431 0.550633 0.465472 0.569475 0.555112 0.541664 0.557369 0.547512 0.562779 0.581745 0.541463 0.523037 0.461241 0.534403 0.502830 0.520319
0.600856 0.683468 0.788457 0.703709 0.766771 0.648044 0.717951 0.680717 0.672876 0.577533 0.731238 0.608739 0.586755 0.565740 0.724532 0.732595 0.586192 0.629926 0.624255 0.656504 0.520900 0.644806 0.584559 0.560372 0.541954 0.698333 0.689230 0.631870 0.657706 0.595871 0.589400 0.681778 0.595088 0.621083 0.630234 0.704324 0.795923 0.584410 0.787570 0.639197 0.657099 0.691855 0.709659 0.648256 0.852013 0.691463 0.580383 0.483789 0.642121 0.764275 0.537263 0.530230 0.514177 0.535890 0.528288 0.643244 0.655216 0.779353 0.684922 0.541029 0.555766 0.589865 0.557997 0.561449 0.549435 0.598570 0.583013 0.579690
0.638827 0.627966 0.774952 0.710679 0.807535 0.572059 0.537018 0.650096 0.495238 0.599513 0.714278 0.752591 0.615126 0.488214 0.728823 0.832883 0.559534 0.728280 0.568623 0.731395 0.520194 0.626660 0.466191 0.536686 0.544214 0.656007 0.782347 0.674173 0.553723 0.494397 0.566611 0.652179 0.902873 0.522247 0.822540 0.651226 0.768187 0.765356 0.839253 0.544202 0.564358 0.800332 0.669038 0.739220 0.777226 0.907950 0.403221 0.477183 0.764275 0.624351 0.462395 0.532488 0.493770 0.565974 0.551290 0.520464 0.595897 0.720481 0.578578 0.522635 0.503518 0.535416 0.525054 0.497382 0.523832 0.610689 0.659568 0.588921
0.486999 0.486796 0.545979 0.505010 0.483468 0.529408 0.501728 0.536920 0.538943 0.573056 0.527616 0.512923 0.492581 0.491997 0.509744 0.490948 0.476520 0.456270 0.497542 0.524718 0.556288 0.558468 0.519648 0.547994 0.548121 0.557369 0.553405 0.535741 0.547362 0.507998 0.515204 0.534138 0.480745 0.505219 0.488217 0.499156 0.544036 0.502189 0.534201 0.521140 0.487598 0.527645 0.505892 0.570769 0.532957 0.510073 0.505265 0.528322 0.537263 0.462395 0.528069 0.567871 0.519916 0.467576 0.514341 0.566101 0.518230 0.525236 0.568644 0.530095 0.488145 0.471186 0.478315 0.473958 0.507258 0.486711 0.455222 0.495186
0.532242 0.478272 0.523781 0.563939 0.513081 0.569833 0.563698 0.529032 0.556074 0.528359 0.527555 0.475664 0.530492 0.562483 0.446661 0.572674 0.469887 0.523486 0.455220 0.535388 0.514746 0.546004 0.496150 0.457785 0.503259 0.588279 0.501478 0.527297 0.560164 0.493070 0.500705 0.534830 0.434519 0.475655 0.465737 0.522067 0.546684 0.511405 0.502539 0.549163 0.589592 0.492729 0.518155 0.515622 0.536816 0.459633 0.468184 0.541511 0.530230 0.532488 0.567871 0.534199 0.467762 0.527549 0.487311 0.550365 0.509143 0.515423 0.538940 0.561602 0.529036 0.579916 0.554630 0.498922 0.427876 0.571904 0.534907 0.506093
0.574905 0.481684 0.620992 0.493203 0.534759 0.520665 0.430495 0.462805 0.552694 0.524063 0.662798 0.556469 0.473627 0.473500 0.544281 0.538932 0.590614 0.461839 0.437690 0.486669 0.478570 0.581305 0.513575 0.528597 0.525394 0.591319 0.500790 0.479527 0.587631 0.558881 0.515291 0.533437 0.400203 0.516692 0.463908 0.500716 0.603934 0.455097 0.517551 0.534249 0.481691 0.416352 0.482930 0.536546 0.645474 0.514050 0.530068 0.547431 0.514177 0.493770 0.519916 0.467762 0.534382 0.573848 0.468623 0.510380 0.494364 0.511216 0.574739 0.515488 0.481077 0.542676 0.599794 0.507776 0.477550 0.531081 0.531612 0.483888
0.523277 0.505672 0.658817 0.504336 0.551135 0.551123 0.551032 0.515589 0.595231 0.550419 0.624810 0.570523 0.557234 0.527000 0.530496 0.506540 0.612507 0.458425 0.538408 0.534510 0.585624 0.572691 0.615104 0.614641 0.517125 0.576377 0.571038 0.496530 0.617805 0.640065 0.567333 0.612368 0.494015 0.600856 0.522156 0.568845 0.633017 0.532987 0.586027 0.588348 0.540158 0.502992 0.602135 0.573735 0.647525 0.567678 0.562938 0.550633 0.535890 0.565974 0.467576 0.527549 0.573848 0.568209 0.505034 0.520556 0.520841 0.628714 0.642465 0.483038 0.568120 0.568365 0.588973 0.487820 0.493541 0.538225 0.513808 0.619267
0.562636 0.525792 0.637013 0.509420 0.636073 0.490236 0.526782 0.596464 0.594850 0.543787 0.548637 0.606419 0.550606 0.422147 0.527070 0.549320 0.495248 0.510392 0.506692 0.547545 0.461221 0.511712 0.492862 0.567897 0.434503 0.493516 0.552111 0.557082 0.525356 0.517429 0.542202 0.542179 0.540612 0.498691 0.538941 0.565224 0.623152 0.501746 0.600315 0.493762 0.493544 0.526710 0.549055 0.537591 0.520761 0.572570 0.502220 0.465472 0.528288 0.551290 0.514341 0.487311 0.468623 0.505034 0.548238 0.555510 0.559582 0.595150 0.620853 0.515114 0.570280 0.511693 0.471223 0.531532 0.546948 0.564505 0.587278 0.564155
0.719637 0.658299 0.727587 0.649833 0.669764 0.622472 0.740414 0.760982 0.849706 0.578484 0.673453 0.543334 0.545525 0.515985 0.632563 0.593246 0.688537 0.535567 0.622837 0.621855 0.517944 0.638330 0.668463 0.533796 0.525320 0.730439 0.649315 0.591509 0.669668 0.611933 0.581947 0.646392 0.476922 0.619764 0.595719 0.681440 0.684762 0.471904 0.649349 0.608763 0.657474 0.602451 0.736814 0.586091 0.610191 0.519114 0.604363 0.569475 0.643244 0.520464 0.566101 0.550365 0.510380 0.520556 0.555510 0.639538 0.707826 0.756963 0.787479 0.651907 0.610261 0.657090 0.536767 0.585268 0.558032 0.656231 0.565501 0.653727
0.683721 0.699163 0.672649 0.594117 0.669532 0.592866 0.652247 0.699028 0.726001 0.610859 0.602376 0.578279 0.539628 0.543901 0.633363 0.582858 0.690067 0.628067 0.758340 0.581739 0.532140 0.656197 0.755583 0.637417 0.566761 0.674214 0.707982 0.623446 0.678639 0.725033 0.600347 0.628685 0.655293 0.713561 0.760149 0.689498 0.658776 0.565484 0.712774 0.672283 0.663288 0.716873 0.844698 0.637314 0.631339 0.697453 0.621916 0.555112 0.655216 0.595897 0.518230 0.509143 0.494364 0.520841 0.559582 0.707826 0.647506 0.832205 0.756331 0.674668 0.621361 0.628058 0.555668 0.574548 0.571104 0.684634 0.661374 0.630764
0.790564 0.919426 0.954785 0.812957 0.964719 0.843534 0.848155 1.000783 0.941729 0.857307 0.802502 0.855318 0.663507 0.508392 0.753233 0.697371 0.820986 0.686583 1.013429 0.759386 0.553236 0.835788 1.035453 0.925822 0.650762 0.841442 0.878927 0.769060 0.818919 0.916921 0.668293 0.826805 0.827626 0.895347 0.912996 0.974943 0.922992 0.644828 1.005352 0.897344 0.720602 1.041657 1.044202 0.952824 0.796712 0.974837 0.667964 0.541664 0.779353 0.720481 0.525236 0.515423 0.511216 0.628714 0.595150 0.756963 0.832205 0.797192 1.101879 0.663495 0.691434 0.704055 0.572082 0.617210 0.647129 0.666969 0.646806 0.761942
0.781012 0.859190 0.957709 0.775283 0.917174 0.935023 0.862753 1.005485 1.104626 0.828749 0.863299 0.763068 0.616258 0.506862 0.685625 0.654936 0.756564 0.566337 0.797004 0.709799 0.503079 0.779557 0.947966 0.845277 0.700855 0.881286 0.660391 0.699208 0.807403 0.792903 0.651255 0.779054 0.526908 0.694403 0.549250 0.878529 0.941071 0.530179 0.863520 0.884339 0.679962 0.695775 0.842255 0.881258 0.793312 0.721952 0.627393 0.557369 0.684922 0.578578 0.568644 0.538940 0.574739 0.642465 0.620853 0.787479 0.756331 1.101879 0.766842 0.643090 0.647749 0.741500 0.662152 0.652303 0.597362 0.677461 0.585497 0.785900
0.587774 0.616022 0.547530 0.620787 0.582198 0.608146 0.674791 0.669357 0.720426 0.539905 0.527735 0.513149 0.579652 0.519183 0.539443 0.535258 0.559888 0.588747 0.610173 0.537286 0.495940 0.541891 0.632385 0.539695 0.564543 0.594487 0.618900 0.521245 0.601796 0.591951 0.513600 0.519647 0.519335 0.625533 0.579000 0.594770 0.565478 0.521422 0.602068 0.587738 0.611710 0.602594 0.667175 0.535644 0.529600 0.493427 0.604943 0.547512 0.541029 0.522635 0.530095 0.561602 0.515488 0.483038 0.515114 0.651907 0.674668 0.663495 0.643090 0.588331 0.611263 0.559897 0.510455 0.560592 0.533663 0.613960 0.555697 0.547937
0.622113 0.616906 0.584160 0.636847 0.576722 0.629652 0.683085 0.663679 0.737394 0.510764 0.545765 0.507540 0.574838 0.488006 0.555668 0.531313 0.622636 0.571354 0.603764 0.512270 0.479919 0.592455 0.655000 0.538507 0.636256 0.614500 0.573097 0.535160 0.654817 0.642662 0.576924 0.602954 0.495342 0.644191 0.563532 0.601644 0.554707 0.487706 0.567716 0.670309 0.643066 0.584880 0.734841 0.496707 0.541532 0.502032 0.628495 0.562779 0.555766 0.503518 0.488145 0.529036 0.481077 0.568120 0.570280 0.610261 0.621361 0.691434 0.647749 0.611263 0.593782 0.614759 0.568559 0.540567 0.559394 0.587287 0.582932 0.603255
0.496173 0.555838 0.676993 0.685553 0.550586 0.782069 0.793933 0.725466 0.761765 0.596852 0.602008 0.554709 0.585376 0.580567 0.565998 0.571849 0.578585 0.573543 0.645192 0.557882 0.517806 0.620817 0.742686 0.549856 0.637116 0.693918 0.591092 0.507412 0.762274 0.639434 0.582908 0.624409 0.399854 0.576611 0.424431 0.576236 0.666963 0.555188 0.556195 0.740256 0.700666 0.559511 0.733148 0.570189 0.630570 0.532891 0.635459 0.581745 0.589865 0.535416 0.471186 0.579916 0.542676 0.568365 0.511693 0.657090 0.628058 0.704055 0.741500 0.559897 0.614759 0.621429 0.649131 0.546424 0.500619 0.507046 0.524207 0.636712
0.458786 0.476707 0.628119 0.559770 0.519379 0.679677 0.569411 0.465907 0.597843 0.523096 0.604125 0.484797 0.543270 0.543508 0.533758 0.475463 0.552017 0.504090 0.501607 0.540551 0.536472 0.596638 0.651753 0.548853 0.667166 0.611897 0.527326 0.482891 0.665940 0.617989 0.615807 0.602471 0.380673 0.506509 0.391999 0.512207 0.652360 0.539866 0.548077 0.694855 0.624366 0.425295 0.583762 0.552378 0.649489 0.485592 0.582459 0.541463 0.557997 0.525054 0.478315 0.554630 0.599794 0.588973 0.471223 0.536767 0.555668 0.572082 0.662152 0.510455 0.568559 0.649131 0.563091 0.490913 0.505119 0.510704 0.506460 0.586545
0.569477 0.576995 0.615466 0.519910 0.589273 0.583690 0.624932 0.588067 0.673238 0.513634 0.554203 0.469627 0.550358 0.479068 0.570108 0.575223 0.567724 0.544119 0.553834 0.541861 0.584651 0.531702 0.580577 0.518235 0.513248 0.625609 0.538015 0.536453 0.586264 0.555032 0.508026 0.551327 0.452082 0.568384 0.517418 0.613320 0.602917 0.479198 0.587556 0.590813 0.589908 0.532096 0.638778 0.536187 0.595225 0.512301 0.548611 0.523037 0.561449 0.497382 0.473958 0.498922 0.507776 0.487820 0.531532 0.585268 0.574548 0.617210 0.652303 0.560592 0.540567 0.546424 0.490913 0.567391 0.560866 0.567729 0.518973 0.561772
0.594232 0.641806 0.590397 0.528044 0.621525 0.596255 0.581715 0.580560 0.637437 0.555143 0.539811 0.476699 0.527439 0.406301 0.608127 0.577626 0.522591 0.518969 0.594703 0.564972 0.525801 0.568440 0.609335 0.565947 0.534468 0.598567 0.566864 0.616228 0.572364 0.573332 0.603540 0.542430 0.506670 0.547978 0.567518 0.638225 0.590331 0.476192 0.657998 0.634395 0.562220 0.558062 0.632642 0.561298 0.523881 0.528342 0.556232 0.461241 0.549435 0.523832 0.507258 0.427876 0.477550 0.493541 0.546948 0.558032 0.571104 0.647129 0.597362 0.533663 0.559394 0.500619 0.505119 0.560866 0.571215 0.556180 0.599576 0.548619
