0.681875 0.734894 0.746557 0.700172 0.868199 0.603617 0.510268 0.834824 0.856223 0.952582 0.790672 0.956198 0.559785 0.537018 0.641031 0.799578 0.782292 0.710090 0.424275 0.771031 0.455370 0.687140 0.467809 0.700182 0.455613 0.799919 0.718753 0.741929 0.413006 0.637202 0.545013 0.644729 0.795469 0.529367 0.930901 0.743425 0.763337 0.677995 0.799152 0.426188 0.513759 0.617974 0.790683 0.909122 0.662447 0.913081 0.430189 0.503566 0.664532 0.824383 0.481088 0.527395 0.558119 0.502419 0.657389 0.715509 0.671201 0.643861 0.786844 0.593402 0.584245 0.405594 0.496537 0.552651 0.501530 0.624129 0.615249 0.698264
0.734894 0.721197 0.609813 0.720595 0.672623 0.924276 0.842038 0.838646 0.816761 0.988566 0.659127 0.740107 0.473158 0.536814 0.673238 0.655368 0.764198 0.742855 0.722811 1.142048 0.404965 0.824511 0.740229 0.599109 0.679546 1.059469 0.611478 1.136974 0.581211 0.635026 0.544777 0.534579 0.758302 0.627736 0.670004 1.300523 0.544110 0.818728 0.630320 0.818008 0.863957 0.883299 0.901787 1.015313 0.676611 0.791848 0.453929 0.404187 0.690235 0.701426 0.439766 0.521268 0.422544 0.400475 0.833863 0.844633 0.773636 0.922872 0.892029 0.601014 0.643479 0.581094 0.487418 0.521718 0.527917 0.601978 0.602728 0.774695
0.746557 0.609813 0.652816 0.649322 1.206951 0.583354 0.572229 0.622151 0.867112 0.903144 1.021231 0.737604 0.364392 0.512053 0.803135 0.882506 0.692026 0.747661 0.429052 0.780828 0.526610 0.574901 0.464481 0.557757 0.488684 0.639719 0.467196 0.567782 0.537101 0.559191 0.528222 0.943581 0.551418 0.436650 0.602709 0.525295 1.277993 0.619772 1.183935 0.486018 0.536228 0.556701 0.867837 0.809162 0.767526 0.795699 0.523287 0.460313 0.725345 0.803104 0.471797 0.455125 0.626015 0.631487 0.714517 0.524687 0.465761 0.623701 0.716372 0.483928 0.482944 0.658563 0.688605 0.506201 0.488513 0.628388 0.524223 0.695494
0.700172 0.720595 0.649322 0.661626 0.665932 0.854408 0.693942 0.834737 0.804705 0.756458 0.663678 0.856865 0.537163 0.500416 0.578017 0.642643 0.707143 0.740100 0.659912 0.698135 0.477510 0.617435 0.679337 0.678371 0.611319 0.710609 0.600305 0.727473 0.524967 0.658484 0.580438 0.592699 0.759449 0.562131 0.615010 0.761588 0.604022 0.841182 0.659655 0.711501 0.714456 0.834244 0.845829 0.826572 0.633720 0.885419 0.420220 0.469771 0.611773 0.697532 0.513587 0.494268 0.512829 0.493490 0.745378 0.627363 0.634936 0.755500 0.779311 0.535124 0.587066 0.540772 0.557565 0.515138 0.427612 0.491454 0.569162 0.701840
0.868199 0.672623 1.206951 0.665932 0.673360 0.554824 0.547926 0.737742 0.891289 1.054270 0.914926 0.888310 0.374836 0.499574 0.698601 0.905336 0.741085 0.808039 0.364020 0.841300 0.492556 0.606067 0.399375 0.638677 0.429335 0.663669 0.605184 0.637455 0.502830 0.513704 0.504955 0.906470 0.698256 0.393788 0.703799 0.600932 1.154178 0.666613 1.219619 0.405767 0.511964 0.538883 0.877414 0.939821 0.703194 0.930373 0.450029 0.458044 0.715590 0.882624 0.479657 0.454342 0.653126 0.609503 0.711458 0.595792 0.543981 0.639573 0.749151 0.486197 0.528633 0.639850 0.621069 0.504352 0.518809 0.650970 0.617645 0.716833
0.603617 0.924276 0.583354 0.854408 0.554824 0.732875 0.941499 1.101816 1.033803 0.713563 0.608920 0.879258 0.736573 0.488772 0.620758 0.605782 0.678052 0.671774 0.960402 0.658550 0.445994 0.717407 1.092137 0.631307 0.913397 0.758430 0.550230 0.765390 0.740209 0.787179 0.671002 0.454859 0.612675 0.686393 0.425130 0.939372 0.527476 0.900994 0.400060 1.256304 0.881442 1.059750 0.971448 0.716046 0.642452 0.684365 0.630082 0.395204 0.678187 0.474429 0.489105 0.532645 0.403224 0.481724 0.900755 0.810243 0.746090 1.005159 1.078142 0.653945 0.634332 0.661683 0.677447 0.543502 0.463304 0.547493 0.586876 0.865961
0.510268 0.842038 0.572229 0.693942 0.547926 0.941499 0.647406 0.775521 0.863927 0.608233 0.597585 0.588716 0.477611 0.516671 0.574564 0.637564 0.618221 0.676487 0.673516 0.701602 0.475957 0.633547 0.728114 0.587983 0.729114 0.713320 0.549931 0.760999 0.726229 0.602697 0.555771 0.518647 0.564627 0.525392 0.477244 0.868592 0.486618 0.693885 0.506683 0.828967 1.016051 0.783768 0.850174 0.631432 0.650846 0.598128 0.525907 0.444251 0.562488 0.526274 0.499581 0.552806 0.451189 0.517263 0.750576 0.707190 0.657776 0.808148 0.817042 0.583284 0.606267 0.662871 0.599190 0.507305 0.505386 0.581769 0.599529 0.788522
0.834824 0.838646 0.622151 0.834737 0.737742 1.101816 0.775521 0.738653 1.040889 0.899798 0.596650 1.180310 0.707422 0.402692 0.628538 0.713899 0.694189 0.769702 0.921920 0.668770 0.448968 0.672468 0.900751 0.814170 0.678404 0.788155 0.646767 0.722067 0.562884 0.662510 0.654636 0.521951 0.827183 0.751464 0.521965 0.840876 0.586289 0.912591 0.526104 0.874037 0.780907 1.152002 0.926458 0.832875 0.509405 0.976361 0.351237 0.380601 0.622134 0.660661 0.497625 0.481795 0.395402 0.486374 0.845626 0.844052 0.723757 0.981635 1.122696 0.641889 0.624885 0.563866 0.553397 0.547833 0.459531 0.596075 0.640821 0.813160
0.856223 0.816761 0.867112 0.804705 0.891289 1.033803 0.863927 1.040889 0.751467 0.854718 0.743976 0.919955 0.628999 0.516978 0.731416 0.787655 0.652782 0.741753 0.719810 0.706018 0.492784 0.704734 0.795403 0.696513 0.706988 0.817714 0.556677 0.711418 0.668540 0.797479 0.626338 0.717731 0.592419 0.636230 0.636856 0.814675 0.818851 0.785711 0.752454 0.827952 0.806168 0.856209 1.068199 0.772280 0.719585 0.773546 0.592453 0.414307 0.729107 0.621756 0.490311 0.511056 0.499201 0.562708 0.901853 0.805169 0.712366 0.909509 1.107682 0.621786 0.578849 0.657600 0.667834 0.543036 0.492418 0.616224 0.610129 0.884648
0.952582 0.988566 0.903144 0.756458 1.054270 0.713563 0.608233 0.899798 0.854718 0.744794 0.815771 1.058244 0.409609 0.476004 0.687671 0.819960 0.864779 0.844812 0.547895 1.040452 0.479135 0.819235 0.607992 0.816196 0.491578 0.948470 0.728413 0.957844 0.452228 0.626548 0.519246 0.739146 0.930229 0.538497 0.845178 0.956124 0.866982 0.829994 0.977762 0.520244 0.601774 0.789375 0.911583 1.289131 0.698826 1.126542 0.376776 0.442917 0.741131 0.903686 0.445016 0.481145 0.546947 0.512548 0.819553 0.732755 0.664907 0.849846 0.881846 0.553131 0.635959 0.529957 0.557804 0.562157 0.537618 0.645121 0.616117 0.772415
0.790672 0.659127 1.021231 0.663678 0.914926 0.608920 0.597585 0.596650 0.743976 0.815771 0.642099 0.713159 0.461896 0.579188 0.776127 0.829621 0.802134 0.690570 0.453535 0.773861 0.534413 0.622202 0.513843 0.594135 0.542135 0.635920 0.534743 0.676880 0.500534 0.645079 0.520536 0.734778 0.601504 0.474044 0.637367 0.604633 0.921258 0.647159 0.872073 0.509281 0.583811 0.588466 0.782291 0.809030 0.892111 0.739681 0.516269 0.484573 0.681277 0.790265 0.458344 0.520498 0.590855 0.561430 0.628651 0.517872 0.498325 0.594377 0.656717 0.467662 0.513198 0.549250 0.592652 0.457957 0.540475 0.567580 0.491962 0.625330
0.956198 0.740107 0.737604 0.856865 0.888310 0.879258 0.588716 1.180310 0.919955 1.058244 0.713159 0.729535 0.583178 0.392697 0.636647 0.819903 0.831415 0.802650 0.766156 0.692756 0.462254 0.618380 0.757140 0.882262 0.519076 0.724432 0.729548 0.690950 0.458459 0.663001 0.532148 0.593440 0.985174 0.644025 0.736341 0.744263 0.669010 0.931916 0.682638 0.656609 0.631122 1.005547 0.921754 0.987682 0.598926 1.199085 0.321464 0.428993 0.682348 0.871774 0.498913 0.488295 0.466987 0.491949 0.764479 0.756878 0.680095 0.883644 0.958394 0.616289 0.599757 0.463678 0.521239 0.533693 0.468523 0.624622 0.629895 0.777820
0.559785 0.473158 0.364392 0.537163 0.374836 0.736573 0.477611 0.707422 0.628999 0.409609 0.461896 0.583178 0.555034 0.512379 0.513382 0.454847 0.519181 0.380418 0.717258 0.364725 0.510637 0.566452 0.779995 0.546622 0.638471 0.511510 0.504176 0.487113 0.566818 0.730949 0.553690 0.409973 0.451660 0.735888 0.479152 0.524887 0.400223 0.557795 0.298759 0.735151 0.481614 0.668604 0.555436 0.409979 0.552306 0.434415 0.629308 0.560014 0.524009 0.365179 0.470189 0.493634 0.460066 0.523203 0.561532 0.568601 0.507634 0.619190 0.691267 0.548361 0.568812 0.459019 0.543516 0.557501 0.442529 0.461298 0.472514 0.531634
0.537018 0.536814 0.512053 0.500416 0.499574 0.488772 0.516671 0.402692 0.516978 0.476004 0.579188 0.392697 0.512379 0.534526 0.531625 0.485441 0.572437 0.438592 0.480479 0.534485 0.510547 0.594088 0.548271 0.533619 0.547735 0.502155 0.574641 0.543798 0.546266 0.653112 0.498100 0.495705 0.509324 0.519863 0.611667 0.536459 0.479603 0.456449 0.480702 0.542980 0.560807 0.480345 0.515259 0.497916 0.617157 0.472757 0.580827 0.523675 0.525081 0.507168 0.508010 0.554591 0.536259 0.534338 0.532388 0.505517 0.545872 0.547889 0.502619 0.536094 0.542202 0.556182 0.575922 0.511223 0.486468 0.448011 0.529737 0.498387
0.641031 0.673238 0.803135 0.578017 0.698601 0.620758 0.574564 0.628538 0.731416 0.687671 0.776127 0.636647 0.513382 0.531625 0.612743 0.709265 0.640964 0.582354 0.618099 0.620496 0.524562 0.612074 0.603330 0.581517 0.536736 0.650425 0.505251 0.555696 0.544402 0.613857 0.519677 0.609068 0.590080 0.586488 0.565182 0.626479 0.728899 0.604623 0.670264 0.585415 0.589433 0.621014 0.705711 0.652450 0.727128 0.630686 0.528363 0.425359 0.688409 0.631905 0.474966 0.537772 0.518807 0.512368 0.660396 0.557873 0.533658 0.636333 0.660731 0.561461 0.560353 0.579012 0.582166 0.548152 0.482315 0.572136 0.490106 0.629752
0.799578 0.655368 0.882506 0.642643 0.905336 0.605782 0.637564 0.713899 0.787655 0.819960 0.829621 0.819903 0.454847 0.485441 0.709265 0.648380 0.701975 0.756504 0.448851 0.711287 0.528974 0.630160 0.477519 0.638537 0.507703 0.665275 0.590284 0.624541 0.515122 0.554451 0.519000 0.644024 0.729479 0.456355 0.690229 0.656197 0.844888 0.635616 0.856752 0.472791 0.591606 0.615026 0.791746 0.795223 0.679410 0.843450 0.503480 0.461390 0.673494 0.834198 0.497100 0.528180 0.562608 0.542628 0.643102 0.653622 0.588493 0.666884 0.702466 0.530149 0.566461 0.558850 0.622664 0.519993 0.524486 0.650150 0.581391 0.673829
0.782292 0.764198 0.692026 0.707143 0.741085 0.678052 0.618221 0.694189 0.652782 0.864779 0.802134 0.831415 0.519181 0.572437 0.640964 0.701975 0.685673 0.675324 0.730971 0.721965 0.530315 0.729400 0.809650 0.821407 0.571341 0.729430 0.724066 0.753166 0.550361 0.820981 0.515657 0.553772 0.945650 0.647321 0.913989 0.742549 0.632213 0.793024 0.698194 0.667163 0.656391 0.837396 0.855682 0.889439 0.942997 0.945058 0.457462 0.512875 0.687214 0.812592 0.475868 0.581684 0.519156 0.518050 0.702688 0.630697 0.645780 0.791143 0.759916 0.541116 0.609210 0.472809 0.532341 0.521324 0.532837 0.594400 0.655358 0.667402
0.710090 0.742855 0.747661 0.740100 0.808039 0.671774 0.676487 0.769702 0.741753 0.844812 0.690570 0.802650 0.380418 0.438592 0.582354 0.756504 0.675324 0.642747 0.533617 0.795273 0.508303 0.551853 0.528766 0.635906 0.528445 0.717727 0.636676 0.696783 0.485137 0.537745 0.500525 0.606850 0.760570 0.522019 0.615289 0.734448 0.661597 0.751839 0.767356 0.553796 0.731309 0.772283 0.841222 0.803640 0.556543 0.900597 0.433463 0.459165 0.618828 0.812849 0.526816 0.517127 0.480209 0.507352 0.679044 0.637783 0.616578 0.729960 0.710102 0.546560 0.588895 0.568571 0.520430 0.465032 0.541277 0.650588 0.637019 0.693520
0.424275 0.722811 0.429052 0.659912 0.364020 0.960402 0.673516 0.921920 0.719810 0.547895 0.453535 0.766156 0.717258 0.480479 0.618099 0.448851 0.730971 0.533617 0.661775 0.434451 0.561850 0.608056 1.262760 0.794736 0.808933 0.686727 0.603146 0.600968 0.632300 0.938180 0.607340 0.440634 0.796159 1.078149 0.515156 0.707397 0.383377 0.837121 0.259336 1.078489 0.734293 1.213636 0.907820 0.552439 0.620421 0.701668 0.514302 0.498753 0.601413 0.427137 0.538296 0.513969 0.359177 0.474598 0.789810 0.693609 0.722381 0.995496 0.921817 0.637906 0.620373 0.511187 0.594401 0.479205 0.454376 0.495092 0.591696 0.673715
0.771031 1.142048 0.780828 0.698135 0.841300 0.658550 0.701602 0.668770 0.706018 1.040452 0.773861 0.692756 0.364725 0.534485 0.620496 0.711287 0.721965 0.795273 0.434451 0.668714 0.415885 0.787387 0.449400 0.570879 0.527453 0.965715 0.537650 1.107469 0.448551 0.502539 0.507155 0.673591 0.715145 0.431303 0.673701 1.144312 0.741556 0.742192 0.896060 0.542611 0.704954 0.684458 0.804403 1.088519 0.652178 0.854427 0.373062 0.437633 0.656193 0.794981 0.449372 0.471742 0.516272 0.457857 0.724468 0.669537 0.599021 0.736283 0.700433 0.526881 0.601963 0.564467 0.520291 0.503909 0.541185 0.523644 0.499557 0.691281
0.455370 0.404965 0.526610 0.477510 0.492556 0.445994 0.475957 0.448968 0.492784 0.479135 0.534413 0.462254 0.510637 0.510547 0.524562 0.528974 0.530315 0.508303 0.561850 0.415885 0.517214 0.557129 0.574226 0.583401 0.540122 0.460029 0.545481 0.427285 0.543824 0.618231 0.548625 0.551738 0.489393 0.551960 0.576712 0.391577 0.553668 0.458862 0.500642 0.513213 0.503129 0.512449 0.515226 0.470492 0.581720 0.494150 0.555925 0.564114 0.550105 0.509959 0.561795 0.508197 0.526229 0.572333 0.487097 0.474731 0.483624 0.530224 0.493913 0.521994 0.546758 0.496213 0.532502 0.493239 0.450230 0.491165 0.493028 0.476120
0.687140 0.824511 0.574901 0.617435 0.606067 0.717407 0.633547 0.672468 0.704734 0.819235 0.622202 0.618380 0.566452 0.594088 0.612074 0.630160 0.729400 0.551853 0.608056 0.787387 0.557129 0.668017 0.756915 0.743339 0.602921 0.929092 0.636391 0.854075 0.594572 0.801662 0.661672 0.524059 0.647780 0.588253 0.771764 0.847855 0.603347 0.638721 0.615813 0.687631 0.589928 0.702628 0.725502 0.897290 0.700070 0.678489 0.561979 0.554305 0.674007 0.589216 0.478761 0.525171 0.468244 0.579540 0.748507 0.703866 0.659847 0.742910 0.785184 0.600631 0.582066 0.579633 0.602035 0.565164 0.504371 0.554932 0.575461 0.671707
0.467809 0.740229 0.464481 0.679337 0.399375 1.092137 0.728114 0.900751 0.795403 0.607992 0.513843 0.757140 0.779995 0.548271 0.603330 0.477519 0.809650 0.528766 1.262760 0.449400 0.574226 0.756915 0.709845 0.822447 0.902731 0.767374 0.659312 0.663232 0.757044 1.118560 0.660755 0.426180 0.727184 1.081568 0.608079 0.751809 0.420631 0.835018 0.291130 1.214436 0.734129 1.177590 0.953032 0.635086 0.764081 0.678158 0.686074 0.521227 0.666380 0.385405 0.530311 0.542278 0.361694 0.578077 0.846360 0.715217 0.750942 1.074550 0.990527 0.667824 0.630976 0.570382 0.681212 0.515945 0.454181 0.484322 0.615143 0.739016
0.700182 0.599109 0.557757 0.678371 0.638677 0.631307 0.587983 0.814170 0.696513 0.816196 0.594135 0.882262 0.546622 0.533619 0.581517 0.638537 0.821407 0.635906 0.794736 0.570879 0.583401 0.743339 0.822447 0.666022 0.506912 0.702469 0.758528 0.656655 0.484361 0.803350 0.504228 0.564952 0.918118 0.746474 0.771474 0.653437 0.551135 0.755307 0.585786 0.583010 0.615257 0.913507 0.783381 0.841274 0.670470 0.957950 0.408055 0.530581 0.613265 0.685971 0.516801 0.538288 0.524473 0.569558 0.689753 0.700866 0.637612 0.821224 0.803793 0.616650 0.620234 0.496917 0.542025 0.529501 0.468899 0.554886 0.633504 0.668407
0.455613 0.679546 0.488684 0.611319 0.429335 0.913397 0.729114 0.678404 0.706988 0.491578 0.542135 0.519076 0.638471 0.547735 0.536736 0.507703 0.571341 0.528445 0.808933 0.527453 0.540122 0.602921 0.902731 0.506912 0.608696 0.610227 0.508455 0.640686 0.714387 0.713164 0.639339 0.462833 0.484858 0.689459 0.443387 0.681892 0.469368 0.679219 0.356863 1.002012 0.747343 0.767436 0.690737 0.512111 0.615802 0.440847 0.701921 0.435621 0.564439 0.373563 0.517901 0.530532 0.423045 0.479385 0.700215 0.588451 0.629507 0.755152 0.740809 0.584580 0.544579 0.568949 0.633720 0.541731 0.469615 0.502082 0.533562 0.630873
0.799919 1.059469 0.639719 0.710609 0.663669 0.758430 0.713320 0.788155 0.817714 0.948470 0.635920 0.724432 0.511510 0.502155 0.650425 0.665275 0.729430 0.717727 0.686727 0.965715 0.460029 0.929092 0.767374 0.702469 0.610227 0.717518 0.573365 0.972138 0.519489 0.760542 0.579199 0.633551 0.732907 0.760241 0.731981 1.086923 0.641391 0.790864 0.745318 0.708520 0.711891 0.823246 0.878775 1.028538 0.726942 0.840434 0.513215 0.483340 0.673569 0.696836 0.449736 0.463039 0.480548 0.558756 0.832515 0.796227 0.719273 0.963382 0.930084 0.642155 0.585230 0.550219 0.545158 0.538418 0.506334 0.563153 0.614752 0.754735
0.718753 0.611478 0.467196 0.600305 0.605184 0.550230 0.549931 0.646767 0.556677 0.728413 0.534743 0.729548 0.504176 0.574641 0.505251 0.590284 0.724066 0.636676 0.603146 0.537650 0.545481 0.636391 0.659312 0.758528 0.508455 0.573365 0.614102 0.584011 0.681063 0.648896 0.521796 0.493476 0.860211 0.656436 0.866514 0.623061 0.478719 0.590075 0.519800 0.507072 0.574918 0.667780 0.638671 0.746282 0.556021 0.776760 0.466329 0.534812 0.576450 0.692299 0.522522 0.550210 0.551485 0.591013 0.641803 0.648055 0.710053 0.656891 0.645976 0.546150 0.628611 0.501798 0.576699 0.515471 0.512606 0.538333 0.631256 0.601128
0.741929 1.136974 0.567782 0.727473 0.637455 0.765390 0.760999 0.722067 0.711418 0.957844 0.676880 0.690950 0.487113 0.543798 0.555696 0.624541 0.753166 0.696783 0.600968 1.107469 0.427285 0.854075 0.663232 0.656655 0.640686 0.972138 0.584011 0.693773 0.496766 0.657223 0.586827 0.557064 0.755819 0.578269 0.727222 1.187481 0.514800 0.793877 0.656898 0.679316 0.744227 0.786099 0.798036 1.041185 0.687905 0.782987 0.421552 0.455578 0.662159 0.707334 0.448837 0.507255 0.463673 0.464095 0.790644 0.749956 0.688836 0.853658 0.807119 0.536806 0.624715 0.519099 0.548198 0.528789 0.531519 0.547656 0.571690 0.734217
0.413006 0.581211 0.537101 0.524967 0.502830 0.740209 0.726229 0.562884 0.668540 0.452228 0.500534 0.458459 0.566818 0.546266 0.544402 0.515122 0.550361 0.485137 0.632300 0.448551 0.543824 0.594572 0.757044 0.484361 0.714387 0.519489 0.681063 0.496766 0.573331 0.686289 0.569069 0.452736 0.422347 0.561514 0.508774 0.577663 0.531144 0.508761 0.455197 0.788334 0.712912 0.580491 0.652447 0.432398 0.608364 0.404723 0.683708 0.482547 0.572604 0.450336 0.544922 0.527679 0.473618 0.544136 0.670404 0.573531 0.608014 0.622024 0.670189 0.554025 0.513675 0.629116 0.656429 0.528654 0.510460 0.502693 0.562884 0.620372
0.637202 0.635026 0.559191 0.658484 0.513704 0.787179 0.602697 0.662510 0.797479 0.626548 0.645079 0.663001 0.730949 0.653112 0.613857 0.554451 0.820981 0.537745 0.938180 0.502539 0.618231 0.801662 1.118560 0.803350 0.713164 0.760542 0.648896 0.657223 0.686289 0.688191 0.585212 0.512865 0.687188 0.949546 0.828467 0.656983 0.522781 0.725366 0.495661 0.898030 0.607527 0.883724 0.950989 0.648102 0.919554 0.699751 0.748484 0.616209 0.684092 0.517457 0.512187 0.578187 0.468174 0.653255 0.736168 0.628403 0.641695 0.888520 0.842067 0.600652 0.580032 0.548056 0.671073 0.526702 0.463857 0.495860 0.633606 0.692397
0.545013 0.544777 0.528222 0.580438 0.504955 0.671002 0.555771 0.654636 0.626338 0.519246 0.520536 0.532148 0.553690 0.498100 0.519677 0.519000 0.515657 0.500525 0.607340 0.507155 0.548625 0.661672 0.660755 0.504228 0.639339 0.579199 0.521796 0.586827 0.569069 0.585212 0.564780 0.489452 0.492707 0.608147 0.523803 0.551826 0.529471 0.532673 0.462518 0.656276 0.545444 0.607474 0.576771 0.521887 0.479824 0.460852 0.517177 0.490613 0.523781 0.434232 0.474192 0.458243 0.473309 0.526156 0.645918 0.578828 0.550774 0.554708 0.624046 0.567744 0.464380 0.548869 0.578116 0.498252 0.527515 0.555085 0.558659 0.581426
0.644729 0.534579 0.943581 0.592699 0.906470 0.454859 0.518647 0.521951 0.717731 0.739146 0.734778 0.593440 0.409973 0.495705 0.609068 0.644024 0.553772 0.606850 0.440634 0.673591 0.551738 0.524059 0.426180 0.564952 0.462833 0.633551 0.493476 0.557064 0.452736 0.512865 0.489452 0.584200 0.498302 0.462508 0.576616 0.502850 0.951546 0.594817 0.950190 0.410563 0.519836 0.499625 0.708614 0.718849 0.588827 0.677380 0.479130 0.516769 0.591737 0.669449 0.471744 0.461347 0.651920 0.619683 0.641061 0.484234 0.457153 0.560571 0.626516 0.440742 0.473939 0.585091 0.613522 0.525509 0.476543 0.535184 0.470739 0.616769
0.795469 0.758302 0.551418 0.759449 0.698256 0.612675 0.564627 0.827183 0.592419 0.930229 0.601504 0.985174 0.451660 0.509324 0.590080 0.729479 0.945650 0.760570 0.796159 0.715145 0.489393 0.647780 0.727184 0.918118 0.484858 0.732907 0.860211 0.755819 0.422347 0.687188 0.492707 0.498302 0.677458 0.711733 0.964596 0.773906 0.518276 0.834302 0.668644 0.553492 0.663022 0.980010 0.840229 1.000390 0.663221 1.131973 0.265581 0.517989 0.633942 0.878405 0.539366 0.530527 0.483479 0.520399 0.702131 0.691685 0.715016 0.796989 0.733321 0.592490 0.666428 0.427734 0.501735 0.540646 0.503958 0.598916 0.687753 0.652406
0.529367 0.627736 0.436650 0.562131 0.393788 0.686393 0.525392 0.751464 0.636230 0.538497 0.474044 0.644025 0.735888 0.519863 0.586488 0.456355 0.647321 0.522019 1.078149 0.431303 0.551960 0.588253 1.081568 0.746474 0.689459 0.760241 0.656436 0.578269 0.561514 0.949546 0.608147 0.462508 0.711733 0.631878 0.628560 0.619434 0.420677 0.691160 0.334003 0.823661 0.595642 1.015461 0.793423 0.513027 0.649010 0.599725 0.613340 0.585743 0.587711 0.434343 0.543405 0.495725 0.404644 0.544081 0.717870 0.608491 0.691938 0.878247 0.817769 0.619845 0.586507 0.496803 0.555215 0.502696 0.465998 0.503942 0.577809 0.595288
0.930901 0.670004 0.602709 0.615010 0.703799 0.425130 0.477244 0.521965 0.636856 0.845178 0.637367 0.736341 0.479152 0.611667 0.565182 0.690229 0.913989 0.615289 0.515156 0.673701 0.576712 0.771764 0.608079 0.771474 0.443387 0.731981 0.866514 0.727222 0.508774 0.828467 0.523803 0.576616 0.964596 0.628560 0.648498 0.664995 0.611904 0.615737 0.724714 0.410720 0.482918 0.585890 0.792653 0.878591 0.780753 0.869276 0.532678 0.590598 0.673654 0.784488 0.530777 0.560296 0.565076 0.624633 0.643338 0.657395 0.666149 0.620429 0.631613 0.553604 0.621050 0.438623 0.555597 0.561539 0.490908 0.622161 0.650480 0.585337
0.743425 1.300523 0.525295 0.761588 0.600932 0.939372 0.868592 0.840876 0.814675 0.956124 0.604633 0.744263 0.524887 0.536459 0.626479 0.656197 0.742549 0.734448 0.707397 1.144312 0.391577 0.847855 0.751809 0.653437 0.681892 1.086923 0.623061 1.187481 0.577663 0.656983 0.551826 0.502850 0.773906 0.619434 0.664995 0.721526 0.471617 0.861244 0.582392 0.821384 0.879576 0.891755 0.878344 1.020540 0.653758 0.799157 0.458986 0.396534 0.674881 0.672271 0.425782 0.504796 0.430302 0.421150 0.854702 0.815939 0.784140 0.928653 0.896019 0.605894 0.684335 0.566797 0.511702 0.512226 0.503008 0.560535 0.610692 0.793351
0.763337 0.544110 1.277993 0.604022 1.154178 0.527476 0.486618 0.586289 0.818851 0.866982 0.921258 0.669010 0.400223 0.479603 0.728899 0.844888 0.632213 0.661597 0.383377 0.741556 0.553668 0.603347 0.420631 0.551135 0.469368 0.641391 0.478719 0.514800 0.531144 0.522781 0.529471 0.951546 0.518276 0.420677 0.611904 0.471617 0.626216 0.571145 1.225418 0.438044 0.449319 0.467674 0.792216 0.788034 0.723136 0.747531 0.539923 0.472807 0.705233 0.795476 0.471100 0.438119 0.650676 0.633589 0.698184 0.486025 0.456491 0.574290 0.711633 0.476044 0.448236 0.623711 0.678186 0.486733 0.465053 0.565835 0.487417 0.650031
0.677995 0.818728 0.619772 0.841182 0.666613 0.900994 0.693885 0.912591 0.785711 0.829994 0.647159 0.931916 0.557795 0.456449 0.604623 0.635616 0.793024 0.751839 0.837121 0.742192 0.458862 0.638721 0.835018 0.755307 0.679219 0.790864 0.590075 0.793877 0.508761 0.725366 0.532673 0.594817 0.834302 0.691160 0.615737 0.861244 0.571145 0.693118 0.621103 0.859303 0.770532 1.003500 0.949289 0.843402 0.698126 0.961346 0.386884 0.479942 0.653253 0.723889 0.478460 0.532870 0.418936 0.454663 0.784732 0.668078 0.618913 0.938939 0.855342 0.584729 0.591596 0.526886 0.536384 0.517726 0.479343 0.601780 0.622295 0.717949
0.799152 0.630320 1.183935 0.659655 1.219619 0.400060 0.506683 0.526104 0.752454 0.977762 0.872073 0.682638 0.298759 0.480702 0.670264 0.856752 0.698194 0.767356 0.259336 0.896060 0.500642 0.615813 0.291130 0.585786 0.356863 0.745318 0.519800 0.656898 0.455197 0.495661 0.462518 0.950190 0.668644 0.334003 0.724714 0.582392 1.225418 0.621103 0.628459 0.286503 0.466259 0.438097 0.836090 0.953911 0.724862 0.914276 0.459320 0.521693 0.682532 0.919765 0.491204 0.479855 0.651790 0.609308 0.656867 0.525641 0.479103 0.551438 0.629598 0.451128 0.492291 0.593848 0.617378 0.497246 0.525594 0.589207 0.566006 0.649562
0.426188 0.818008 0.486018 0.711501 0.405767 1.256304 0.828967 0.874037 0.827952 0.520244 0.509281 0.656609 0.735151 0.542980 0.585415 0.472791 0.667163 0.553796 1.078489 0.542611 0.513213 0.687631 1.214436 0.583010 1.002012 0.708520 0.507072 0.679316 0.788334 0.898030 0.656276 0.410563 0.553492 0.823661 0.410720 0.821384 0.438044 0.859303 0.286503 0.675831 0.834499 1.034355 0.904840 0.551200 0.682319 0.510566 0.767760 0.447572 0.630215 0.359325 0.508449 0.539790 0.385773 0.491750 0.819414 0.708302 0.723523 0.973817 0.943728 0.624704 0.594342 0.648997 0.672459 0.499692 0.443592 0.464723 0.555988 0.742592
0.513759 0.863957 0.536228 0.714456 0.511964 0.881442 1.016051 0.780907 0.806168 0.601774 0.583811 0.631122 0.481614 0.560807 0.589433 0.591606 0.656391 0.731309 0.734293 0.704954 0.503129 0.589928 0.734129 0.615257 0.747343 0.711891 0.574918 0.744227 0.712912 0.607527 0.545444 0.519836 0.663022 0.595642 0.482918 0.879576 0.449319 0.770532 0.466259 0.834499 0.643895 0.882211 0.843516 0.626910 0.642497 0.668838 0.457995 0.409126 0.583713 0.585446 0.498516 0.554891 0.440600 0.484629 0.732290 0.744445 0.679686 0.820912 0.790052 0.576044 0.587273 0.618302 0.566520 0.493188 0.516858 0.577848 0.627651 0.749580
0.617974 0.883299 0.556701 0.834244 0.538883 1.059750 0.783768 1.152002 0.856209 0.789375 0.588466 1.005547 0.668604 0.480345 0.621014 0.615026 0.837396 0.772283 1.213636 0.684458 0.512449 0.702628 1.177590 0.913507 0.767436 0.823246 0.667780 0.786099 0.580491 0.883724 0.607474 0.499625 0.980010 1.015461 0.585890 0.891755 0.467674 1.003500 0.438097 1.034355 0.882211 0.740558 1.053677 0.821898 0.680649 1.001682 0.401715 0.456925 0.661493 0.642723 0.511805 0.533050 0.363148 0.476645 0.851876 0.800994 0.776620 1.105037 1.029026 0.653061 0.646985 0.549178 0.575198 0.488650 0.459054 0.561024 0.638423 0.757391
0.790683 0.901787 0.867837 0.845829 0.877414 0.971448 0.850174 0.926458 1.068199 0.911583 0.782291 0.921754 0.555436 0.515259 0.705711 0.791746 0.855682 0.841222 0.907820 0.804403 0.515226 0.725502 0.953032 0.783381 0.690737 0.878775 0.638671 0.798036 0.652447 0.950989 0.576771 0.708614 0.840229 0.793423 0.792653 0.878344 0.792216 0.949289 0.836090 0.904840 0.843516 1.053677 0.774928 0.890515 0.843296 0.972681 0.576928 0.446007 0.751842 0.786626 0.533231 0.525258 0.483795 0.597888 0.898715 0.807576 0.757889 0.996510 0.986456 0.621789 0.621459 0.614117 0.691940 0.520020 0.487792 0.662235 0.678594 0.820429
0.909122 1.015313 0.809162 0.826572 0.939821 0.716046 0.631432 0.832875 0.772280 1.289131 0.809030 0.987682 0.409979 0.497916 0.652450 0.795223 0.889439 0.803640 0.552439 1.088519 0.470492 0.897290 0.635086 0.841274 0.512111 1.028538 0.746282 1.041185 0.432398 0.648102 0.521887 0.718849 1.000390 0.513027 0.878591 1.020540 0.788034 0.843402 0.953911 0.551200 0.626910 0.821898 0.890515 0.739025 0.750632 1.153104 0.340260 0.466147 0.732019 0.891848 0.437329 0.525111 0.521880 0.516795 0.816844 0.736172 0.691570 0.831888 0.816144 0.552784 0.648284 0.493359 0.554614 0.549088 0.491237 0.596118 0.609044 0.753435
0.662447 0.676611 0.767526 0.633720 0.703194 0.642452 0.650846 0.509405 0.719585 0.698826 0.892111 0.598926 0.552306 0.617157 0.727128 0.679410 0.942997 0.556543 0.620421 0.652178 0.581720 0.700070 0.764081 0.670470 0.615802 0.726942 0.556021 0.687905 0.608364 0.919554 0.479824 0.588827 0.663221 0.649010 0.780753 0.653758 0.723136 0.698126 0.724862 0.682319 0.642497 0.680649 0.843296 0.750632 0.653839 0.719520 0.616960 0.589866 0.788980 0.675535 0.469920 0.574414 0.550129 0.609596 0.667601 0.554109 0.573220 0.720567 0.670825 0.505458 0.573451 0.512372 0.598661 0.501959 0.495094 0.541115 0.589896 0.650697
0.913081 0.791848 0.795699 0.885419 0.930373 0.684365 0.598128 0.976361 0.773546 1.126542 0.739681 1.199085 0.434415 0.472757 0.630686 0.843450 0.945058 0.900597 0.701668 0.854427 0.494150 0.678489 0.678158 0.957950 0.440847 0.840434 0.776760 0.782987 0.404723 0.699751 0.460852 0.677380 1.131973 0.599725 0.869276 0.799157 0.747531 0.961346 0.914276 0.510566 0.668838 1.001682 0.972681 1.153104 0.719520 0.728584 0.225778 0.468674 0.706449 1.023547 0.488255 0.524651 0.504922 0.545543 0.750804 0.711688 0.663996 0.876194 0.863622 0.580784 0.632916 0.448911 0.525652 0.538257 0.488278 0.618466 0.669942 0.793152
0.430189 0.453929 0.523287 0.420220 0.450029 0.630082 0.525907 0.351237 0.592453 0.376776 0.516269 0.321464 0.629308 0.580827 0.528363 0.503480 0.457462 0.433463 0.514302 0.373062 0.555925 0.561979 0.686074 0.408055 0.701921 0.513215 0.466329 0.421552 0.683708 0.748484 0.517177 0.479130 0.265581 0.613340 0.532678 0.458986 0.539923 0.386884 0.459320 0.767760 0.457995 0.401715 0.576928 0.340260 0.616960 0.225778 0.518875 0.547379 0.548027 0.333411 0.502607 0.523920 0.549649 0.593745 0.545266 0.473373 0.492807 0.508937 0.538299 0.503053 0.479179 0.600085 0.589984 0.499028 0.491596 0.462921 0.481452 0.497579
0.503566 0.404187 0.460313 0.469771 0.458044 0.395204 0.444251 0.380601 0.414307 0.442917 0.484573 0.428993 0.560014 0.523675 0.425359 0.461390 0.512875 0.459165 0.498753 0.437633 0.564114 0.554305 0.521227 0.530581 0.435621 0.483340 0.534812 0.455578 0.482547 0.616209 0.490613 0.516769 0.517989 0.585743 0.590598 0.396534 0.472807 0.479942 0.521693 0.447572 0.409126 0.456925 0.446007 0.466147 0.589866 0.468674 0.547379 0.497639 0.507633 0.502003 0.511190 0.552313 0.549037 0.559784 0.475143 0.433463 0.477243 0.503874 0.454169 0.501131 0.491145 0.531887 0.541814 0.554611 0.469713 0.459652 0.475299 0.422833
0.664532 0.690235 0.725345 0.611773 0.715590 0.678187 0.562488 0.622134 0.729107 0.741131 0.681277 0.682348 0.524009 0.525081 0.688409 0.673494 0.687214 0.618828 0.601413 0.656193 0.550105 0.674007 0.666380 0.613265 0.564439 0.673569 0.576450 0.662159 0.572604 0.684092 0.523781 0.591737 0.633942 0.587711 0.673654 0.674881 0.705233 0.653253 0.682532 0.630215 0.583713 0.661493 0.751842 0.732019 0.788980 0.706449 0.548027 0.507633 0.631348 0.689516 0.444839 0.514462 0.483935 0.537411 0.656870 0.619774 0.590069 0.666842 0.679649 0.560344 0.519172 0.526126 0.558987 0.497326 0.494211 0.527059 0.560468 0.676915
0.824383 0.701426 0.803104 0.697532 0.882624 0.474429 0.526274 0.660661 0.621756 0.903686 0.790265 0.871774 0.365179 0.507168 0.631905 0.834198 0.812592 0.812849 0.427137 0.794981 0.509959 0.589216 0.385405 0.685971 0.373563 0.696836 0.692299 0.707334 0.450336 0.517457 0.434232 0.669449 0.878405 0.434343 0.784488 0.672271 0.795476 0.723889 0.919765 0.359325 0.585446 0.642723 0.786626 0.891848 0.675535 1.023547 0.333411 0.502003 0.689516 0.632792 0.498395 0.533279 0.590572 0.439717 0.650795 0.594805 0.559807 0.633808 0.645005 0.491869 0.572307 0.506801 0.557799 0.487721 0.519340 0.573235 0.624450 0.635698
0.481088 0.439766 0.471797 0.513587 0.479657 0.489105 0.499581 0.497625 0.490311 0.445016 0.458344 0.498913 0.470189 0.508010 0.474966 0.497100 0.475868 0.526816 0.538296 0.449372 0.561795 0.478761 0.530311 0.516801 0.517901 0.449736 0.522522 0.448837 0.544922 0.512187 0.474192 0.471744 0.539366 0.543405 0.530777 0.425782 0.471100 0.478460 0.491204 0.508449 0.498516 0.511805 0.533231 0.437329 0.469920 0.488255 0.502607 0.511190 0.444839 0.498395 0.505805 0.534182 0.478181 0.513616 0.467034 0.522650 0.553103 0.496210 0.510026 0.531000 0.521019 0.504596 0.517813 0.457229 0.466909 0.460861 0.566118 0.482732
0.527395 0.521268 0.455125 0.494268 0.454342 0.532645 0.552806 0.481795 0.511056 0.481145 0.520498 0.488295 0.493634 0.554591 0.537772 0.528180 0.581684 0.517127 0.513969 0.471742 0.508197 0.525171 0.542278 0.538288 0.530532 0.463039 0.550210 0.507255 0.527679 0.578187 0.458243 0.461347 0.530527 0.495725 0.560296 0.504796 0.438119 0.532870 0.479855 0.539790 0.554891 0.533050 0.525258 0.525111 0.574414 0.524651 0.523920 0.552313 0.514462 0.533279 0.534182 0.524939 0.475859 0.519386 0.483603 0.543267 0.548874 0.544293 0.497963 0.511627 0.562595 0.498625 0.514363 0.552747 0.554706 0.534530 0.555281 0.514151
0.558119 0.422544 0.626015 0.512829 0.653126 0.403224 0.451189 0.395402 0.499201 0.546947 0.590855 0.466987 0.460066 0.536259 0.518807 0.562608 0.519156 0.480209 0.359177 0.516272 0.526229 0.468244 0.361694 0.524473 0.423045 0.480548 0.551485 0.463673 0.473618 0.468174 0.473309 0.651920 0.483479 0.404644 0.565076 0.430302 0.650676 0.418936 0.651790 0.385773 0.440600 0.363148 0.483795 0.521880 0.550129 0.504922 0.549649 0.549037 0.483935 0.590572 0.478181 0.475859 0.506446 0.587264 0.497492 0.435067 0.475011 0.413368 0.437536 0.480740 0.447616 0.598320 0.516607 0.521853 0.496177 0.492009 0.488241 0.529225
0.502419 0.400475 0.631487 0.493490 0.609503 0.481724 0.517263 0.486374 0.562708 0.512548 0.561430 0.491949 0.523203 0.534338 0.512368 0.542628 0.518050 0.507352 0.474598 0.457857 0.572333 0.579540 0.578077 0.569558 0.479385 0.558756 0.591013 0.464095 0.544136 0.653255 0.526156 0.619683 0.520399 0.544081 0.624633 0.421150 0.633589 0.454663 0.609308 0.491750 0.484629 0.476645 0.597888 0.516795 0.609596 0.545543 0.593745 0.559784 0.537411 0.439717 0.513616 0.519386 0.587264 0.546548 0.581614 0.532448 0.521407 0.555955 0.586282 0.488281 0.492831 0.521480 0.591702 0.535119 0.481127 0.507895 0.577002 0.555975
0.657389 0.833863 0.714517 0.745378 0.711458 0.900755 0.750576 0.845626 0.901853 0.819553 0.628651 0.764479 0.561532 0.532388 0.660396 0.643102 0.702688 0.679044 0.789810 0.724468 0.487097 0.748507 0.846360 0.689753 0.700215 0.832515 0.641803 0.790644 0.670404 0.736168 0.645918 0.641061 0.702131 0.717870 0.643338 0.854702 0.698184 0.784732 0.656867 0.819414 0.732290 0.851876 0.898715 0.816844 0.667601 0.750804 0.545266 0.475143 0.656870 0.650795 0.467034 0.483603 0.497492 0.581614 0.709842 0.709010 0.711913 0.889604 0.942883 0.593090 0.595869 0.649079 0.672649 0.479837 0.514165 0.566724 0.583667 0.794302
0.715509 0.844633 0.524687 0.627363 0.595792 0.810243 0.707190 0.844052 0.805169 0.732755 0.517872 0.756878 0.568601 0.505517 0.557873 0.653622 0.630697 0.637783 0.693609 0.669537 0.474731 0.703866 0.715217 0.700866 0.588451 0.796227 0.648055 0.749956 0.573531 0.628403 0.578828 0.484234 0.691685 0.608491 0.657395 0.815939 0.486025 0.668078 0.525641 0.708302 0.744445 0.800994 0.807576 0.736172 0.554109 0.711688 0.473373 0.433463 0.619774 0.594805 0.522650 0.543267 0.435067 0.532448 0.709010 0.662211 0.897556 0.820918 0.882619 0.587692 0.614239 0.526264 0.519100 0.551637 0.536824 0.686497 0.773780 0.730703
0.671201 0.773636 0.465761 0.634936 0.543981 0.746090 0.657776 0.723757 0.712366 0.664907 0.498325 0.680095 0.507634 0.545872 0.533658 0.588493 0.645780 0.616578 0.722381 0.599021 0.483624 0.659847 0.750942 0.637612 0.629507 0.719273 0.710053 0.688836 0.608014 0.641695 0.550774 0.457153 0.715016 0.691938 0.666149 0.784140 0.456491 0.618913 0.479103 0.723523 0.679686 0.776620 0.757889 0.691570 0.573220 0.663996 0.492807 0.477243 0.590069 0.559807 0.553103 0.548874 0.475011 0.521407 0.711913 0.897556 0.638403 0.760319 0.776372 0.575924 0.669650 0.533473 0.535666 0.514323 0.532131 0.653298 0.739351 0.651105
0.643861 0.922872 0.623701 0.755500 0.639573 1.005159 0.808148 0.981635 0.909509 0.849846 0.594377 0.883644 0.619190 0.547889 0.636333 0.666884 0.791143 0.729960 0.995496 0.736283 0.530224 0.742910 1.074550 0.821224 0.755152 0.963382 0.656891 0.853658 0.622024 0.888520 0.554708 0.560571 0.796989 0.878247 0.620429 0.928653 0.574290 0.938939 0.551438 0.973817 0.820912 1.105037 0.996510 0.831888 0.720567 0.876194 0.508937 0.503874 0.666842 0.633808 0.496210 0.544293 0.413368 0.555955 0.889604 0.820918 0.760319 0.747799 1.113068 0.628357 0.624051 0.559984 0.616779 0.536584 0.480800 0.584382 0.631278 0.829382
0.786844 0.892029 0.716372 0.779311 0.749151 1.078142 0.817042 1.122696 1.107682 0.881846 0.656717 0.958394 0.691267 0.502619 0.660731 0.702466 0.759916 0.710102 0.921817 0.700433 0.493913 0.785184 0.990527 0.803793 0.740809 0.930084 0.645976 0.807119 0.670189 0.842067 0.624046 0.626516 0.733321 0.817769 0.631613 0.896019 0.711633 0.855342 0.629598 0.943728 0.790052 1.029026 0.986456 0.816144 0.670825 0.863622 0.538299 0.454169 0.679649 0.645005 0.510026 0.497963 0.437536 0.586282 0.942883 0.882619 0.776372 1.113068 0.771196 0.680480 0.586088 0.653000 0.648798 0.534935 0.490435 0.594595 0.652585 0.885919
0.593402 0.601014 0.483928 0.535124 0.486197 0.653945 0.583284 0.641889 0.621786 0.553131 0.467662 0.616289 0.548361 0.536094 0.561461 0.530149 0.541116 0.546560 0.637906 0.526881 0.521994 0.600631 0.667824 0.616650 0.584580 0.642155 0.546150 0.536806 0.554025 0.600652 0.567744 0.440742 0.592490 0.619845 0.553604 0.605894 0.476044 0.584729 0.451128 0.624704 0.576044 0.653061 0.621789 0.552784 0.505458 0.580784 0.503053 0.501131 0.560344 0.491869 0.531000 0.511627 0.480740 0.488281 0.593090 0.587692 0.575924 0.628357 0.680480 0.574224 0.588527 0.524705 0.504954 0.470145 0.506677 0.572971 0.532591 0.603136
0.584245 0.643479 0.482944 0.587066 0.528633 0.634332 0.606267 0.624885 0.578849 0.635959 0.513198 0.599757 0.568812 0.542202 0.560353 0.566461 0.609210 0.588895 0.620373 0.601963 0.546758 0.582066 0.630976 0.620234 0.544579 0.585230 0.628611 0.624715 0.513675 0.580032 0.464380 0.473939 0.666428 0.586507 0.621050 0.684335 0.448236 0.591596 0.492291 0.594342 0.587273 0.646985 0.621459 0.648284 0.573451 0.632916 0.479179 0.491145 0.519172 0.572307 0.521019 0.562595 0.447616 0.492831 0.595869 0.614239 0.669650 0.624051 0.586088 0.588527 0.582388 0.483332 0.499115 0.487784 0.465963 0.586261 0.570265 0.590743
0.405594 0.581094 0.658563 0.540772 0.639850 0.661683 0.662871 0.563866 0.657600 0.529957 0.549250 0.463678 0.459019 0.556182 0.579012 0.558850 0.472809 0.568571 0.511187 0.564467 0.496213 0.579633 0.570382 0.496917 0.568949 0.550219 0.501798 0.519099 0.629116 0.548056 0.548869 0.585091 0.427734 0.496803 0.438623 0.566797 0.623711 0.526886 0.593848 0.648997 0.618302 0.549178 0.614117 0.493359 0.512372 0.448911 0.600085 0.531887 0.526126 0.506801 0.504596 0.498625 0.598320 0.521480 0.649079 0.526264 0.533473 0.559984 0.653000 0.524705 0.483332 0.562796 0.638282 0.490531 0.498380 0.544447 0.544766 0.616965
0.496537 0.487418 0.688605 0.557565 0.621069 0.677447 0.599190 0.553397 0.667834 0.557804 0.592652 0.521239 0.543516 0.575922 0.582166 0.622664 0.532341 0.520430 0.594401 0.520291 0.532502 0.602035 0.681212 0.542025 0.633720 0.545158 0.576699 0.548198 0.656429 0.671073 0.578116 0.613522 0.501735 0.555215 0.555597 0.511702 0.678186 0.536384 0.617378 0.672459 0.566520 0.575198 0.691940 0.554614 0.598661 0.525652 0.589984 0.541814 0.558987 0.557799 0.517813 0.514363 0.516607 0.591702 0.672649 0.519100 0.535666 0.616779 0.648798 0.504954 0.499115 0.638282 0.587489 0.562000 0.508326 0.501028 0.502883 0.633173
0.552651 0.521718 0.506201 0.515138 0.504352 0.543502 0.507305 0.547833 0.543036 0.562157 0.457957 0.533693 0.557501 0.511223 0.548152 0.519993 0.521324 0.465032 0.479205 0.503909 0.493239 0.565164 0.515945 0.529501 0.541731 0.538418 0.515471 0.528789 0.528654 0.526702 0.498252 0.525509 0.540646 0.502696 0.561539 0.512226 0.486733 0.517726 0.497246 0.499692 0.493188 0.488650 0.520020 0.549088 0.501959 0.538257 0.499028 0.554611 0.497326 0.487721 0.457229 0.552747 0.521853 0.535119 0.479837 0.551637 0.514323 0.536584 0.534935 0.470145 0.487784 0.490531 0.562000 0.532757 0.467805 0.566281 0.528815 0.544531
0.501530 0.527917 0.488513 0.427612 0.518809 0.463304 0.505386 0.459531 0.492418 0.537618 0.540475 0.468523 0.442529 0.486468 0.482315 0.524486 0.532837 0.541277 0.454376 0.541185 0.450230 0.504371 0.454181 0.468899 0.469615 0.506334 0.512606 0.531519 0.510460 0.463857 0.527515 0.476543 0.503958 0.465998 0.490908 0.503008 0.465053 0.479343 0.525594 0.443592 0.516858 0.459054 0.487792 0.491237 0.495094 0.488278 0.491596 0.469713 0.494211 0.519340 0.466909 0.554706 0.496177 0.481127 0.514165 0.536824 0.532131 0.480800 0.490435 0.506677 0.465963 0.498380 0.508326 0.467805 0.508751 0.551963 0.590578 0.503728
