0.538112 0.588918 0.591060 0.568465 0.623839 0.571448 0.516525 0.615178 0.577314 0.624238 0.576040 0.625070 0.507142 0.509237 0.553243 0.566261 0.561964 0.547957 0.585034 0.568152 0.510590 0.565753 0.605663 0.574922 0.528080 0.570778 0.534632 0.578916 0.508374 0.555481 0.519278 0.543042 0.583558 0.526423 0.564958 0.587567 0.581415 0.565025 0.612996 0.578413 0.514053 0.607481 0.629164 0.614951 0.569342 0.618608 0.509352 0.505676 0.540207 0.569775 0.505062 0.504866 0.509568 0.506063 0.565494 0.557813 0.559343 0.677831 0.658804 0.522677 0.521111 0.519610 0.517686 0.508793 0.508124 0.552009 0.555236 0.557843
0.588918 0.699865 0.704233 0.656767 0.766965 0.663219 0.538834 0.750988 0.675574 0.767668 0.673060 0.769064 0.516780 0.521738 0.623281 0.651977 0.642629 0.611399 0.691765 0.656122 0.524915 0.650895 0.732993 0.670529 0.565770 0.661783 0.580914 0.679018 0.519710 0.628210 0.545303 0.600309 0.688777 0.561954 0.649061 0.696955 0.684366 0.649285 0.747091 0.677975 0.533038 0.736510 0.776384 0.750677 0.658672 0.757407 0.522001 0.513347 0.593727 0.659685 0.511922 0.511441 0.522540 0.514282 0.650343 0.633452 0.636791 0.852112 0.824777 0.553169 0.549541 0.546043 0.541563 0.520695 0.519106 0.620487 0.627660 0.633540
0.591060 0.704233 0.708819 0.660405 0.772303 0.667082 0.539778 0.756068 0.679635 0.772986 0.677083 0.774319 0.517222 0.522307 0.626261 0.655612 0.646020 0.614175 0.696052 0.659811 0.525532 0.654529 0.737914 0.674526 0.567381 0.665589 0.582885 0.683073 0.520203 0.631218 0.546424 0.602730 0.693032 0.563467 0.652523 0.701306 0.688577 0.652792 0.752281 0.681983 0.533870 0.741421 0.781689 0.755906 0.662362 0.762614 0.522562 0.513689 0.596037 0.663383 0.512214 0.511756 0.523115 0.514650 0.653885 0.636750 0.640052 0.857569 0.830389 0.554507 0.550814 0.547201 0.542592 0.521221 0.519597 0.623425 0.630728 0.636741
0.568465 0.656767 0.660405 0.621899 0.713647 0.627057 0.529813 0.699867 0.636998 0.714283 0.634944 0.715476 0.512886 0.516672 0.595327 0.618079 0.610563 0.586019 0.650186 0.621391 0.519111 0.617179 0.684505 0.632994 0.550563 0.625835 0.562268 0.639806 0.515118 0.599160 0.534752 0.577301 0.647708 0.547593 0.615743 0.654453 0.644212 0.615863 0.696505 0.638980 0.525363 0.687453 0.721906 0.699617 0.623458 0.705417 0.516895 0.510235 0.572237 0.624154 0.509151 0.508789 0.517276 0.510949 0.616755 0.603362 0.606027 0.792961 0.766391 0.540865 0.538067 0.535348 0.531902 0.515869 0.514661 0.593150 0.598787 0.603460
0.623839 0.766965 0.772303 0.713647 0.842522 0.721924 0.554502 0.825424 0.737471 0.843237 0.734284 0.844655 0.523628 0.530598 0.670130 0.707613 0.695519 0.654334 0.757291 0.712889 0.535044 0.706285 0.805605 0.731157 0.592027 0.720111 0.612899 0.741652 0.527727 0.676589 0.563582 0.639303 0.753695 0.586748 0.703781 0.763542 0.748194 0.704123 0.821214 0.740311 0.546445 0.809484 0.852159 0.825219 0.716081 0.832387 0.530969 0.518793 0.630426 0.717354 0.516769 0.516132 0.531718 0.520103 0.705441 0.683618 0.687927 0.921661 0.898515 0.574577 0.569537 0.564642 0.558357 0.529123 0.526894 0.666426 0.675920 0.683624
0.571448 0.663219 0.667082 0.627057 0.721924 0.632523 0.531115 0.707610 0.642817 0.722529 0.640697 0.723731 0.513470 0.517438 0.599460 0.623165 0.615361 0.589817 0.656396 0.626563 0.519945 0.622254 0.691805 0.638632 0.552774 0.631282 0.564993 0.645636 0.515785 0.603447 0.536305 0.580679 0.653847 0.549676 0.620655 0.660784 0.650226 0.620846 0.704332 0.644740 0.526475 0.694841 0.730347 0.707432 0.628649 0.713336 0.517623 0.510700 0.575401 0.629472 0.509538 0.509190 0.518055 0.511447 0.621755 0.607910 0.610538 0.802560 0.775720 0.542665 0.539768 0.536923 0.533304 0.516579 0.515316 0.597212 0.603062 0.607886
0.516525 0.538834 0.539778 0.529813 0.554502 0.531115 0.507174 0.550626 0.533664 0.554694 0.533122 0.555061 0.503097 0.503999 0.523119 0.528830 0.526917 0.520817 0.537102 0.529666 0.504583 0.528573 0.546304 0.532648 0.512177 0.530787 0.515017 0.534400 0.503627 0.524086 0.508346 0.518670 0.536421 0.511446 0.528259 0.538233 0.535567 0.528257 0.549664 0.534199 0.506088 0.547133 0.556946 0.550495 0.530211 0.552167 0.504050 0.502456 0.517446 0.530369 0.502195 0.502108 0.504137 0.502625 0.528502 0.525116 0.525790 0.579819 0.570751 0.509833 0.509153 0.508493 0.507663 0.503804 0.503518 0.522591 0.523993 0.525157
0.615178 0.750988 0.756068 0.699867 0.825424 0.707610 0.550626 0.808707 0.722616 0.826210 0.719357 0.827732 0.521947 0.528337 0.658509 0.694032 0.682405 0.643612 0.741769 0.699052 0.532499 0.692635 0.788975 0.716648 0.585522 0.705769 0.604970 0.726695 0.525710 0.664663 0.558929 0.629461 0.738135 0.580522 0.690564 0.747891 0.732972 0.690650 0.804222 0.725467 0.543103 0.792795 0.835221 0.808271 0.702229 0.815518 0.528746 0.517425 0.621333 0.703168 0.515567 0.514969 0.529341 0.518607 0.691969 0.671170 0.675451 0.907635 0.883051 0.569312 0.564565 0.559981 0.554146 0.526981 0.524950 0.655073 0.664072 0.671333
0.577314 0.675574 0.679635 0.636998 0.737471 0.642817 0.533664 0.722616 0.654056 0.738105 0.651544 0.739517 0.514600 0.518870 0.607391 0.632842 0.624496 0.596993 0.668449 0.636430 0.521598 0.631895 0.705985 0.649471 0.557118 0.641559 0.570336 0.656957 0.517084 0.611803 0.539288 0.587124 0.665693 0.553756 0.630271 0.673140 0.661598 0.630437 0.718880 0.655950 0.528659 0.709158 0.746298 0.722286 0.638663 0.728513 0.519077 0.511602 0.581525 0.639526 0.510314 0.509956 0.519527 0.512379 0.631295 0.616451 0.619344 0.820282 0.793031 0.546211 0.543044 0.539985 0.536040 0.517949 0.516592 0.604985 0.611341 0.616373
0.624238 0.767668 0.772986 0.714283 0.843237 0.722529 0.554694 0.826210 0.738105 0.843971 0.734909 0.845384 0.523705 0.530688 0.670650 0.708208 0.696063 0.654795 0.757998 0.713515 0.535169 0.706859 0.806387 0.731812 0.592338 0.720684 0.613266 0.742338 0.527823 0.677108 0.563779 0.639733 0.754386 0.587037 0.704395 0.764272 0.748900 0.704698 0.821942 0.741015 0.546610 0.810259 0.852872 0.825989 0.716744 0.833169 0.531090 0.518850 0.630845 0.717949 0.516837 0.516186 0.531816 0.520163 0.706040 0.684137 0.688524 0.922260 0.899182 0.574833 0.569765 0.564851 0.558557 0.529217 0.526984 0.666932 0.676454 0.684206
0.576040 0.673060 0.677083 0.634944 0.734284 0.640697 0.533122 0.719357 0.651544 0.734909 0.649358 0.736142 0.514325 0.518567 0.605779 0.630819 0.622627 0.595530 0.665852 0.634432 0.521253 0.629899 0.702935 0.647102 0.556173 0.639427 0.569168 0.654535 0.516815 0.609999 0.538676 0.585887 0.663226 0.552908 0.628168 0.670450 0.659323 0.628419 0.715933 0.653586 0.528194 0.706105 0.743000 0.719211 0.636619 0.725342 0.518773 0.511391 0.580219 0.637537 0.510163 0.509777 0.519246 0.512194 0.629349 0.614693 0.617500 0.816670 0.789468 0.545400 0.542319 0.539313 0.535470 0.517663 0.516307 0.603363 0.609564 0.614684
0.625070 0.769064 0.774319 0.715476 0.844655 0.723731 0.555061 0.827732 0.739517 0.845384 0.736142 0.846920 0.523873 0.530881 0.671616 0.709358 0.697193 0.655663 0.759408 0.714637 0.535389 0.707987 0.807842 0.733107 0.592952 0.721940 0.614024 0.743690 0.527996 0.678262 0.564199 0.640530 0.755722 0.587595 0.705649 0.765717 0.750121 0.705906 0.823313 0.742339 0.546898 0.811749 0.854358 0.827340 0.717894 0.834581 0.531260 0.518989 0.631654 0.719147 0.516928 0.516282 0.531998 0.520284 0.707181 0.685147 0.689578 0.923386 0.900422 0.575340 0.570211 0.565286 0.558928 0.529401 0.527163 0.667904 0.677524 0.685178
0.507142 0.516780 0.517222 0.512886 0.523628 0.513470 0.503097 0.521947 0.514600 0.523705 0.514325 0.523873 0.501348 0.501733 0.509990 0.512483 0.511635 0.509008 0.516064 0.512828 0.501978 0.512371 0.520067 0.514156 0.505264 0.513324 0.506494 0.514886 0.501566 0.510411 0.503603 0.508046 0.515755 0.504940 0.512227 0.516555 0.515381 0.512220 0.521529 0.514787 0.502632 0.520412 0.524673 0.521896 0.513056 0.522608 0.501751 0.501066 0.507547 0.513113 0.500945 0.500919 0.501785 0.501134 0.512320 0.510879 0.511151 0.534728 0.530760 0.504262 0.503969 0.503676 0.503309 0.501645 0.501525 0.509773 0.510382 0.510866
0.509237 0.521738 0.522307 0.516672 0.530598 0.517438 0.503999 0.528337 0.518870 0.530688 0.518567 0.530881 0.501733 0.502243 0.512942 0.516150 0.515087 0.511665 0.520768 0.516608 0.502561 0.516027 0.525929 0.518282 0.506801 0.517269 0.508393 0.519249 0.502027 0.513478 0.504671 0.510447 0.520405 0.506398 0.515800 0.521391 0.519893 0.515831 0.527849 0.519118 0.503402 0.526385 0.531946 0.528315 0.516887 0.529226 0.502262 0.501376 0.509758 0.517009 0.501223 0.501182 0.502320 0.501471 0.515952 0.514087 0.514425 0.544898 0.539759 0.505494 0.505121 0.504752 0.504282 0.502131 0.501969 0.512646 0.513427 0.514067
0.553243 0.623281 0.626261 0.595327 0.670130 0.599460 0.523119 0.658509 0.607391 0.670650 0.605779 0.671616 0.509990 0.512942 0.574346 0.592319 0.586391 0.567029 0.617962 0.594954 0.514835 0.591651 0.645874 0.604166 0.539266 0.598514 0.548398 0.609621 0.511732 0.577342 0.526988 0.560194 0.616019 0.536974 0.590426 0.621384 0.613131 0.590579 0.655768 0.608939 0.519683 0.648279 0.677043 0.658397 0.596563 0.663183 0.513113 0.507941 0.556196 0.597160 0.507098 0.506820 0.513421 0.508500 0.591259 0.580694 0.582774 0.739235 0.715419 0.531715 0.529549 0.527443 0.524763 0.512320 0.511375 0.572614 0.577048 0.580738
0.566261 0.651977 0.655612 0.618079 0.707613 0.623165 0.528830 0.694032 0.632842 0.708208 0.630819 0.709358 0.512483 0.516150 0.592319 0.614435 0.607127 0.583329 0.645605 0.617619 0.518487 0.613587 0.679050 0.628930 0.548924 0.621990 0.560265 0.635496 0.514627 0.596024 0.533633 0.574819 0.643206 0.546047 0.612108 0.649740 0.639773 0.612264 0.690832 0.634658 0.524540 0.681901 0.715650 0.693866 0.619583 0.699484 0.516344 0.509912 0.569936 0.620293 0.508843 0.508520 0.516724 0.510601 0.613109 0.600180 0.602683 0.785730 0.759469 0.539554 0.536859 0.534218 0.530864 0.515361 0.514194 0.590222 0.595682 0.600183
0.561964 0.642629 0.646020 0.610563 0.695519 0.615361 0.526917 0.682405 0.624496 0.696063 0.622627 0.697193 0.511635 0.515087 0.586391 0.607127 0.600357 0.577932 0.636524 0.610128 0.517275 0.606385 0.668164 0.620719 0.545707 0.614343 0.556331 0.626983 0.513663 0.589916 0.531456 0.570027 0.634319 0.543053 0.604947 0.640413 0.630935 0.605176 0.679365 0.626167 0.522912 0.670908 0.703257 0.682248 0.611940 0.687620 0.515249 0.509259 0.565365 0.612748 0.508254 0.507938 0.515643 0.509908 0.605905 0.593744 0.596075 0.770989 0.745324 0.536917 0.534402 0.531968 0.528836 0.514356 0.513250 0.584389 0.589522 0.593718
0.547957 0.611399 0.614175 0.586019 0.654334 0.589817 0.520817 0.643612 0.596993 0.654795 0.595530 0.655663 0.509008 0.511665 0.567029 0.583329 0.577932 0.560447 0.606568 0.585696 0.513349 0.582714 0.632024 0.594080 0.535363 0.588943 0.543596 0.598983 0.510561 0.569722 0.524301 0.554229 0.604788 0.533286 0.581570 0.609675 0.602221 0.581714 0.641195 0.598355 0.517722 0.634218 0.660675 0.643544 0.587139 0.647911 0.511802 0.507154 0.550644 0.587687 0.506385 0.506151 0.512083 0.507657 0.582347 0.572819 0.574636 0.718708 0.696374 0.528571 0.526629 0.524718 0.522294 0.511093 0.510246 0.565483 0.569479 0.572811
0.585034 0.691765 0.696052 0.650186 0.757291 0.656396 0.537102 0.741769 0.668449 0.757998 0.665852 0.759408 0.516064 0.520768 0.617962 0.645605 0.636524 0.606568 0.684074 0.649566 0.523811 0.644553 0.724204 0.663584 0.562884 0.654976 0.577380 0.671720 0.518831 0.622701 0.543260 0.595839 0.681130 0.559201 0.642828 0.689124 0.676811 0.642973 0.737797 0.670693 0.531587 0.727569 0.766509 0.741445 0.652040 0.748018 0.521048 0.512763 0.589658 0.652881 0.511391 0.510958 0.521514 0.513635 0.643972 0.627759 0.631022 0.842000 0.814609 0.550874 0.547384 0.544017 0.539713 0.519771 0.518272 0.615307 0.622223 0.627823
0.568152 0.656122 0.659811 0.621391 0.712889 0.626563 0.529666 0.699052 0.636430 0.713515 0.634432 0.714637 0.512828 0.516608 0.594954 0.617619 0.610128 0.585696 0.649566 0.620926 0.519033 0.616754 0.683791 0.632455 0.550330 0.625340 0.561984 0.639222 0.515055 0.598714 0.534603 0.576994 0.647141 0.547387 0.615228 0.653802 0.643641 0.615392 0.695782 0.638389 0.525258 0.686698 0.721059 0.698924 0.622957 0.704654 0.516834 0.510189 0.571931 0.623654 0.509113 0.508759 0.517215 0.510907 0.616283 0.602984 0.605608 0.792035 0.765518 0.540680 0.537907 0.535195 0.531764 0.515806 0.514600 0.592774 0.598373 0.603057
0.510590 0.524915 0.525532 0.519111 0.535044 0.519945 0.504583 0.532499 0.521598 0.535169 0.521253 0.535389 0.501978 0.502561 0.514835 0.518487 0.517275 0.513349 0.523811 0.519033 0.502944 0.518353 0.529757 0.520930 0.507796 0.519749 0.509619 0.522070 0.502325 0.515442 0.505349 0.511978 0.523406 0.507341 0.518112 0.524533 0.522782 0.518136 0.531853 0.521930 0.503905 0.530270 0.536594 0.532470 0.519370 0.533528 0.502604 0.501572 0.511178 0.519474 0.501409 0.501351 0.502658 0.501682 0.518271 0.516110 0.516559 0.551439 0.545536 0.506294 0.505858 0.505442 0.504911 0.502441 0.502254 0.514480 0.515383 0.516134
0.565753 0.650895 0.654529 0.617179 0.706285 0.622254 0.528573 0.692635 0.631895 0.706859 0.629899 0.707987 0.512371 0.516027 0.591651 0.613587 0.606385 0.582714 0.644553 0.616754 0.518353 0.612815 0.677806 0.627951 0.548527 0.621143 0.559791 0.634502 0.514514 0.595322 0.533386 0.574284 0.642240 0.545705 0.611249 0.648642 0.638671 0.611481 0.689454 0.633637 0.524348 0.680618 0.714247 0.692564 0.618660 0.698115 0.516221 0.509836 0.569389 0.619431 0.508772 0.508451 0.516614 0.510523 0.612260 0.599456 0.601931 0.784064 0.757851 0.539223 0.536555 0.533954 0.530623 0.515250 0.514082 0.589538 0.594964 0.599419
0.605663 0.732993 0.737914 0.684505 0.805605 0.691805 0.546304 0.788975 0.705985 0.806387 0.702935 0.807842 0.520067 0.525929 0.645874 0.679050 0.668164 0.632024 0.724204 0.683791 0.529757 0.677806 0.769742 0.700334 0.578345 0.690079 0.596245 0.709857 0.523529 0.651533 0.553951 0.618911 0.720814 0.573782 0.675743 0.730036 0.715787 0.675883 0.784567 0.708675 0.539462 0.773416 0.815305 0.788685 0.686749 0.795777 0.526334 0.515938 0.611362 0.687617 0.514251 0.513704 0.526870 0.517028 0.677094 0.657674 0.661693 0.890023 0.864119 0.563461 0.559114 0.554916 0.549570 0.524698 0.522830 0.642642 0.651013 0.657820
0.574922 0.670529 0.674526 0.632994 0.731157 0.638632 0.532648 0.716648 0.649471 0.731812 0.647102 0.733107 0.514156 0.518282 0.604166 0.628930 0.620719 0.594080 0.663584 0.632455 0.520930 0.627951 0.700334 0.645131 0.555371 0.637301 0.568169 0.652386 0.516560 0.608354 0.538050 0.584468 0.660870 0.552091 0.626387 0.668175 0.657078 0.626488 0.713050 0.651457 0.527790 0.703422 0.739797 0.716379 0.634672 0.722478 0.518513 0.511231 0.579059 0.635379 0.510012 0.509659 0.518913 0.511994 0.627428 0.612975 0.615818 0.813250 0.786167 0.544805 0.541740 0.538741 0.534935 0.517388 0.516081 0.601841 0.607986 0.612983
0.528080 0.565770 0.567381 0.550563 0.592027 0.552774 0.512177 0.585522 0.557118 0.592338 0.556173 0.592952 0.505264 0.506801 0.539266 0.548924 0.545707 0.535363 0.562884 0.550330 0.507796 0.548527 0.578345 0.555371 0.520690 0.552246 0.525517 0.558325 0.506167 0.540905 0.514189 0.531714 0.561766 0.519458 0.547952 0.564781 0.560227 0.547977 0.583886 0.557963 0.510353 0.579705 0.596055 0.585351 0.551228 0.588111 0.506892 0.504178 0.529639 0.551509 0.503730 0.503588 0.507040 0.504463 0.548352 0.542655 0.543794 0.633592 0.618817 0.516713 0.515558 0.514442 0.513026 0.506472 0.505984 0.538362 0.540744 0.542693
0.570778 0.661783 0.665589 0.625835 0.720111 0.631282 0.530787 0.705769 0.641559 0.720684 0.639427 0.721940 0.513324 0.517269 0.598514 0.621990 0.614343 0.588943 0.654976 0.625340 0.519749 0.621143 0.690079 0.637301 0.552246 0.630146 0.564366 0.644294 0.515626 0.602537 0.535976 0.579929 0.652485 0.549204 0.619521 0.659313 0.648723 0.619781 0.702486 0.643364 0.526199 0.693117 0.728527 0.705568 0.627366 0.711446 0.517427 0.510601 0.574652 0.628315 0.509431 0.509086 0.517891 0.511337 0.620597 0.606882 0.609455 0.800362 0.773544 0.542219 0.539352 0.536566 0.532971 0.516422 0.515161 0.596268 0.602085 0.606794
0.534632 0.580914 0.582885 0.562268 0.612899 0.564993 0.515017 0.604970 0.570336 0.613266 0.569168 0.614024 0.506494 0.508393 0.548398 0.560265 0.556331 0.543596 0.577380 0.561984 0.509619 0.559791 0.596245 0.568169 0.525517 0.564366 0.531471 0.571795 0.507608 0.550428 0.517511 0.539108 0.576020 0.524003 0.559071 0.579695 0.574096 0.559120 0.602982 0.571339 0.512769 0.597904 0.617782 0.604763 0.563073 0.608113 0.508498 0.505158 0.536545 0.563448 0.504599 0.504425 0.508690 0.505508 0.559560 0.552569 0.553955 0.662782 0.645152 0.520612 0.519189 0.517818 0.516068 0.507987 0.507383 0.547283 0.550217 0.552594
0.578916 0.679018 0.683073 0.639806 0.741652 0.645636 0.534400 0.726695 0.656957 0.742338 0.654535 0.743690 0.514886 0.519249 0.609621 0.635496 0.626983 0.598983 0.671720 0.639222 0.522070 0.634502 0.709857 0.652386 0.558325 0.644294 0.571795 0.660058 0.517454 0.614042 0.540109 0.588990 0.668938 0.554905 0.632888 0.676499 0.664886 0.633023 0.722900 0.659099 0.529280 0.713083 0.750578 0.726384 0.641551 0.732711 0.519508 0.511827 0.583221 0.642341 0.510560 0.510154 0.519942 0.512638 0.633973 0.618775 0.621830 0.825018 0.797684 0.547169 0.543932 0.540807 0.536819 0.518325 0.516934 0.607139 0.613596 0.618850
0.508374 0.519710 0.520203 0.515118 0.527727 0.515785 0.503627 0.525710 0.517084 0.527823 0.516815 0.527996 0.501566 0.502027 0.511732 0.514627 0.513663 0.510561 0.518831 0.515055 0.502325 0.514514 0.523529 0.516560 0.506167 0.515626 0.507608 0.517454 0.501839 0.512212 0.504231 0.509473 0.518505 0.505804 0.514325 0.519402 0.518034 0.514342 0.525222 0.517345 0.503087 0.523940 0.528957 0.525682 0.515322 0.526520 0.502057 0.501244 0.508843 0.515408 0.501113 0.501069 0.502102 0.501331 0.514456 0.512747 0.513089 0.540727 0.536049 0.504979 0.504636 0.504304 0.503884 0.501930 0.501783 0.511456 0.512167 0.512761
0.555481 0.628210 0.631218 0.599160 0.676589 0.603447 0.524086 0.664663 0.611803 0.677108 0.609999 0.678262 0.510411 0.513478 0.577342 0.596024 0.589916 0.569722 0.622701 0.598714 0.515442 0.595322 0.651533 0.608354 0.540905 0.602537 0.550428 0.614042 0.512212 0.580597 0.528122 0.562634 0.620636 0.538507 0.594153 0.626260 0.617545 0.594293 0.661701 0.613307 0.520483 0.654070 0.683830 0.664349 0.600386 0.669362 0.513624 0.508283 0.558500 0.601089 0.507375 0.507092 0.513964 0.508848 0.594930 0.583926 0.586081 0.747437 0.723056 0.533037 0.530764 0.528592 0.525783 0.512828 0.511847 0.575560 0.580208 0.583925
0.519278 0.545303 0.546424 0.534752 0.563582 0.536305 0.508346 0.558929 0.539288 0.563779 0.538676 0.564199 0.503603 0.504671 0.526988 0.533633 0.531456 0.524301 0.543260 0.534603 0.505349 0.533386 0.553951 0.538050 0.514189 0.535976 0.517511 0.540109 0.504231 0.528122 0.509752 0.521812 0.542521 0.513360 0.532940 0.544556 0.541413 0.533008 0.557857 0.539844 0.507096 0.554911 0.566402 0.558848 0.535195 0.560760 0.504719 0.502867 0.520342 0.535464 0.502555 0.502455 0.504843 0.503068 0.533245 0.529329 0.530076 0.592859 0.582345 0.511448 0.510665 0.509909 0.508937 0.504445 0.504102 0.526353 0.527988 0.529325
0.543042 0.600309 0.602730 0.577301 0.639303 0.580679 0.518670 0.629461 0.587124 0.639733 0.585887 0.640530 0.508046 0.510447 0.560194 0.574819 0.570027 0.554229 0.595839 0.576994 0.511978 0.574284 0.618911 0.584468 0.531714 0.579929 0.539108 0.588990 0.509473 0.562634 0.521812 0.548735 0.594274 0.529880 0.573265 0.598648 0.591900 0.573428 0.627232 0.588440 0.515885 0.620950 0.645168 0.629377 0.578304 0.633404 0.510577 0.506405 0.545423 0.578861 0.505732 0.505491 0.510847 0.506867 0.573986 0.565339 0.567025 0.698726 0.677887 0.525585 0.523841 0.522153 0.520000 0.509947 0.509175 0.558765 0.562363 0.565395
0.583558 0.688777 0.693032 0.647708 0.753695 0.653847 0.536421 0.738135 0.665693 0.754386 0.663226 0.755722 0.515755 0.520405 0.616019 0.643206 0.634319 0.604788 0.681130 0.647141 0.523406 0.642240 0.720814 0.660870 0.561766 0.652485 0.576020 0.668938 0.518505 0.620636 0.542521 0.594274 0.678316 0.558189 0.640416 0.686092 0.673944 0.640651 0.734262 0.667910 0.531034 0.724129 0.762802 0.737949 0.649539 0.744423 0.520688 0.512532 0.588104 0.650433 0.511196 0.510759 0.521166 0.513403 0.641605 0.625655 0.628861 0.838098 0.810677 0.549945 0.546530 0.543241 0.539021 0.519434 0.517945 0.613361 0.620158 0.625711
0.526423 0.561954 0.563467 0.547593 0.586748 0.549676 0.511446 0.580522 0.553756 0.587037 0.552908 0.587595 0.504940 0.506398 0.536974 0.546047 0.543053 0.533286 0.559201 0.547387 0.507341 0.545705 0.573782 0.552091 0.519458 0.549204 0.524003 0.554905 0.505804 0.538507 0.513360 0.529880 0.558189 0.518318 0.545118 0.560978 0.556679 0.545183 0.578995 0.554557 0.509739 0.575066 0.590546 0.580411 0.548216 0.583007 0.506486 0.503928 0.527883 0.548520 0.503512 0.503369 0.506636 0.504202 0.545518 0.540152 0.541227 0.626070 0.612038 0.515705 0.514623 0.513584 0.512257 0.506093 0.505626 0.536101 0.538342 0.540189
0.564958 0.649061 0.652523 0.615743 0.703781 0.620655 0.528259 0.690564 0.630271 0.704395 0.628168 0.705649 0.512227 0.515800 0.590426 0.612108 0.604947 0.581570 0.642828 0.615228 0.518112 0.611249 0.675743 0.626387 0.547952 0.619521 0.559071 0.632888 0.514325 0.594153 0.532940 0.573265 0.640416 0.545118 0.609947 0.646927 0.636981 0.610029 0.687177 0.632074 0.524037 0.678576 0.711813 0.690214 0.617204 0.695839 0.516006 0.509711 0.568513 0.617864 0.508663 0.508334 0.516360 0.510370 0.610827 0.598071 0.600628 0.781187 0.755069 0.538765 0.536093 0.533520 0.530235 0.515038 0.513902 0.588373 0.593769 0.598129
0.587567 0.696955 0.701306 0.654453 0.763542 0.660784 0.538233 0.747891 0.673140 0.764272 0.670450 0.765717 0.516555 0.521391 0.621384 0.649740 0.640413 0.609675 0.689124 0.653802 0.524533 0.648642 0.730036 0.668175 0.564781 0.659313 0.579695 0.676499 0.519402 0.626260 0.544556 0.598648 0.686092 0.560978 0.646927 0.694295 0.681697 0.647037 0.743801 0.675460 0.532546 0.733456 0.772879 0.747517 0.656359 0.754202 0.521690 0.513149 0.592318 0.657176 0.511740 0.511291 0.522156 0.514043 0.648070 0.631423 0.634809 0.848630 0.821287 0.552419 0.548815 0.545345 0.540914 0.520366 0.518827 0.618664 0.625773 0.631519
0.581415 0.684366 0.688577 0.644212 0.748194 0.650226 0.535567 0.732972 0.661598 0.748900 0.659323 0.750121 0.515381 0.519893 0.613131 0.639773 0.630935 0.602221 0.676811 0.643641 0.522782 0.638671 0.715787 0.657078 0.560227 0.648723 0.574096 0.664886 0.518034 0.617545 0.541413 0.591900 0.673944 0.556679 0.636981 0.681697 0.670148 0.637092 0.729397 0.663972 0.530248 0.719094 0.757203 0.732755 0.646061 0.739161 0.520157 0.512201 0.585929 0.646809 0.510922 0.510494 0.520600 0.513065 0.638232 0.622594 0.625666 0.832261 0.804926 0.548708 0.545396 0.542127 0.538035 0.518922 0.517488 0.610596 0.617174 0.622736
0.565025 0.649285 0.652792 0.615863 0.704123 0.620846 0.528257 0.690650 0.630437 0.704698 0.628419 0.705906 0.512220 0.515831 0.590579 0.612264 0.605176 0.581714 0.642973 0.615392 0.518136 0.611481 0.675883 0.626488 0.547977 0.619781 0.559120 0.633023 0.514342 0.594293 0.533008 0.573428 0.640651 0.545183 0.610029 0.647037 0.637092 0.610233 0.687398 0.632171 0.524054 0.678720 0.712125 0.690433 0.617301 0.696010 0.516013 0.509722 0.568579 0.618104 0.508665 0.508336 0.516411 0.510395 0.610981 0.598257 0.600738 0.781475 0.755325 0.538763 0.536112 0.533558 0.530267 0.515067 0.513912 0.588490 0.593879 0.598243
0.612996 0.747091 0.752281 0.696505 0.821214 0.704332 0.549664 0.804222 0.718880 0.821942 0.715933 0.823313 0.521529 0.527849 0.655768 0.690832 0.679365 0.641195 0.737797 0.695782 0.531853 0.689454 0.784567 0.713050 0.583886 0.702486 0.602982 0.722900 0.525222 0.661701 0.557857 0.627232 0.734262 0.578995 0.687177 0.743801 0.729397 0.687398 0.800230 0.721687 0.542267 0.788402 0.830941 0.803990 0.698835 0.811132 0.528165 0.517091 0.619128 0.699934 0.515256 0.514689 0.528828 0.518290 0.688796 0.668382 0.672318 0.903924 0.879066 0.567956 0.563371 0.558845 0.553120 0.526479 0.524471 0.652396 0.661165 0.668421
0.578413 0.677975 0.681983 0.638980 0.740311 0.644740 0.534199 0.725467 0.655950 0.741015 0.653586 0.742339 0.514787 0.519118 0.608939 0.634658 0.626167 0.598355 0.670693 0.638389 0.521930 0.633637 0.708675 0.651457 0.557963 0.643364 0.571339 0.659099 0.517345 0.613307 0.539844 0.588440 0.667910 0.554557 0.632074 0.675460 0.663972 0.632171 0.721687 0.658178 0.529098 0.711897 0.749221 0.725141 0.640739 0.731466 0.519392 0.511743 0.582700 0.641472 0.510502 0.510085 0.519808 0.512555 0.633165 0.618015 0.621091 0.823578 0.796261 0.546870 0.543650 0.540538 0.536590 0.518203 0.516823 0.606471 0.612881 0.618156
0.514053 0.533038 0.533870 0.525363 0.546445 0.526475 0.506088 0.543103 0.528659 0.546610 0.528194 0.546898 0.502632 0.503402 0.519683 0.524540 0.522912 0.517722 0.531587 0.525258 0.503905 0.524348 0.539462 0.527790 0.510353 0.526199 0.512769 0.529280 0.503087 0.520483 0.507096 0.515885 0.531034 0.509739 0.524037 0.532546 0.530248 0.524054 0.542267 0.529098 0.505184 0.540138 0.548487 0.543059 0.525709 0.544455 0.503457 0.502089 0.514843 0.525829 0.501870 0.501798 0.503525 0.502233 0.524248 0.521387 0.521971 0.568092 0.560332 0.508363 0.507787 0.507225 0.506519 0.503239 0.502995 0.519223 0.520417 0.521414
0.607481 0.736510 0.741421 0.687453 0.809484 0.694841 0.547133 0.792795 0.709158 0.810259 0.706105 0.811749 0.520412 0.526385 0.648279 0.681901 0.670908 0.634218 0.727569 0.686698 0.530270 0.680618 0.773416 0.703422 0.579705 0.693117 0.597904 0.713083 0.523940 0.654070 0.554911 0.620950 0.724129 0.575066 0.678576 0.733456 0.719094 0.678720 0.788402 0.711897 0.540138 0.777161 0.819258 0.792429 0.689700 0.799587 0.526768 0.516218 0.613247 0.690652 0.514495 0.513927 0.527341 0.517329 0.679952 0.660231 0.664279 0.893554 0.867857 0.564548 0.560129 0.555870 0.550437 0.525128 0.523224 0.645004 0.653494 0.660384
0.629164 0.776384 0.781689 0.721906 0.852159 0.730347 0.556946 0.835221 0.746298 0.852872 0.743000 0.854358 0.524673 0.531946 0.677043 0.715650 0.703257 0.660675 0.766509 0.721059 0.536594 0.714247 0.815305 0.739797 0.596055 0.728527 0.617782 0.750578 0.528957 0.683830 0.566402 0.645168 0.762802 0.590546 0.711813 0.772879 0.757203 0.712125 0.830941 0.749221 0.548487 0.819258 0.861793 0.834861 0.724368 0.842081 0.532312 0.519633 0.635948 0.725729 0.517510 0.516825 0.533112 0.520991 0.713462 0.690913 0.695386 0.929220 0.906995 0.577847 0.572572 0.567490 0.560937 0.530410 0.528083 0.673223 0.683057 0.690951
0.614951 0.750677 0.755906 0.699617 0.825219 0.707432 0.550495 0.808271 0.722286 0.825989 0.719211 0.827340 0.521896 0.528315 0.658397 0.693866 0.682248 0.643544 0.741445 0.698924 0.532470 0.692564 0.788685 0.716379 0.585351 0.705568 0.604763 0.726384 0.525682 0.664349 0.558848 0.629377 0.737949 0.580411 0.690214 0.747517 0.732755 0.690433 0.803990 0.725141 0.543059 0.792429 0.834861 0.808142 0.702026 0.815260 0.528748 0.517388 0.621170 0.702968 0.515558 0.514967 0.529349 0.518599 0.691771 0.671102 0.675311 0.907415 0.882842 0.569171 0.564475 0.559886 0.554071 0.526961 0.524915 0.654917 0.663851 0.671228
0.569342 0.658672 0.662362 0.623458 0.716081 0.628649 0.530211 0.702229 0.638663 0.716744 0.636619 0.717894 0.513056 0.516887 0.596563 0.619583 0.611940 0.587139 0.652040 0.622957 0.519370 0.618660 0.686749 0.634672 0.551228 0.627366 0.563073 0.641551 0.515322 0.600386 0.535195 0.578304 0.649539 0.548216 0.617204 0.656359 0.646061 0.617301 0.698835 0.640739 0.525709 0.689700 0.724368 0.702026 0.625069 0.707861 0.517140 0.510363 0.573183 0.625694 0.509283 0.508912 0.517502 0.511092 0.618243 0.604685 0.607423 0.795878 0.769225 0.541409 0.538574 0.535807 0.532327 0.516077 0.514856 0.594356 0.600051 0.604835
0.618608 0.757407 0.762614 0.705417 0.832387 0.713336 0.552167 0.815518 0.728513 0.833169 0.725342 0.834581 0.522608 0.529226 0.663183 0.699484 0.687620 0.647911 0.748018 0.704654 0.533528 0.698115 0.795777 0.722478 0.588111 0.711446 0.608113 0.732711 0.526520 0.669362 0.560760 0.633404 0.744423 0.583007 0.695839 0.754202 0.739161 0.696010 0.811132 0.731466 0.544455 0.799587 0.842081 0.815260 0.707861 0.822458 0.529672 0.517956 0.624969 0.708824 0.516068 0.515440 0.530291 0.519200 0.697377 0.676153 0.680520 0.913493 0.889473 0.571411 0.566548 0.561826 0.555832 0.527834 0.525724 0.659619 0.668802 0.676335
0.509352 0.522001 0.522562 0.516895 0.530969 0.517623 0.504050 0.528746 0.519077 0.531090 0.518773 0.531260 0.501751 0.502262 0.513113 0.516344 0.515249 0.511802 0.521048 0.516834 0.502604 0.516221 0.526334 0.518513 0.506892 0.517427 0.508498 0.519508 0.502057 0.513624 0.504719 0.510577 0.520688 0.506486 0.516006 0.521690 0.520157 0.516013 0.528165 0.519392 0.503457 0.526768 0.532312 0.528748 0.517140 0.529672 0.502312 0.501388 0.509884 0.517187 0.501250 0.501199 0.502347 0.501485 0.516147 0.514241 0.514655 0.545509 0.540296 0.505570 0.505184 0.504809 0.504342 0.502157 0.501994 0.512801 0.513595 0.514278
0.505676 0.513347 0.513689 0.510235 0.518793 0.510700 0.502456 0.517425 0.511602 0.518850 0.511391 0.518989 0.501066 0.501376 0.507941 0.509912 0.509259 0.507154 0.512763 0.510189 0.501572 0.509836 0.515938 0.511231 0.504178 0.510601 0.505158 0.511827 0.501244 0.508283 0.502867 0.506405 0.512532 0.503928 0.509711 0.513149 0.512201 0.509722 0.517091 0.511743 0.502089 0.516218 0.519633 0.517388 0.510363 0.517956 0.501388 0.500846 0.505991 0.510434 0.500750 0.500726 0.501422 0.500902 0.509788 0.508641 0.508856 0.527607 0.524435 0.503377 0.503145 0.502919 0.502628 0.501307 0.501209 0.507761 0.508247 0.508627
0.540207 0.593727 0.596037 0.572237 0.630426 0.575401 0.517446 0.621333 0.581525 0.630845 0.580219 0.631654 0.507547 0.509758 0.556196 0.569936 0.565365 0.550644 0.589658 0.571931 0.511178 0.569389 0.611362 0.579059 0.529639 0.574652 0.536545 0.583221 0.508843 0.558500 0.520342 0.545423 0.588104 0.527883 0.568513 0.592318 0.585929 0.568579 0.619128 0.582700 0.514843 0.613247 0.635948 0.621170 0.573183 0.624969 0.509884 0.505991 0.542448 0.573597 0.505348 0.505148 0.510103 0.506404 0.569113 0.561043 0.562632 0.686828 0.667052 0.523948 0.522304 0.520702 0.518671 0.509283 0.508581 0.554904 0.558287 0.561073
0.569775 0.659685 0.663383 0.624154 0.717354 0.629472 0.530369 0.703168 0.639526 0.717949 0.637537 0.719147 0.513113 0.517009 0.597160 0.620293 0.612748 0.587687 0.652881 0.623654 0.519474 0.619431 0.687617 0.635379 0.551509 0.628315 0.563448 0.642341 0.515408 0.601089 0.535464 0.578861 0.650433 0.548520 0.617864 0.657176 0.646809 0.618104 0.699934 0.641472 0.525829 0.690652 0.725729 0.702968 0.625694 0.708824 0.517187 0.510434 0.573597 0.626600 0.509313 0.508941 0.517638 0.511175 0.618967 0.605360 0.607961 0.797192 0.770447 0.541598 0.538771 0.536027 0.532513 0.516184 0.514934 0.594921 0.600645 0.605380
0.505062 0.511922 0.512214 0.509151 0.516769 0.509538 0.502195 0.515567 0.510314 0.516837 0.510163 0.516928 0.500945 0.501223 0.507098 0.508843 0.508254 0.506385 0.511391 0.509113 0.501409 0.508772 0.514251 0.510012 0.503730 0.509431 0.504599 0.510560 0.501113 0.507375 0.502555 0.505732 0.511196 0.503512 0.508663 0.511740 0.510922 0.508665 0.515256 0.510502 0.501870 0.514495 0.517510 0.515558 0.509283 0.516068 0.501250 0.500750 0.505348 0.509313 0.500677 0.500646 0.501270 0.500804 0.508744 0.507701 0.507929 0.524674 0.521832 0.503011 0.502802 0.502600 0.502351 0.501167 0.501078 0.506927 0.507356 0.507733
0.504866 0.511441 0.511756 0.508789 0.516132 0.509190 0.502108 0.514969 0.509956 0.516186 0.509777 0.516282 0.500919 0.501182 0.506820 0.508520 0.507938 0.506151 0.510958 0.508759 0.501351 0.508451 0.513704 0.509659 0.503588 0.509086 0.504425 0.510154 0.501069 0.507092 0.502455 0.505491 0.510759 0.503369 0.508334 0.511291 0.510494 0.508336 0.514689 0.510085 0.501798 0.513927 0.516825 0.514967 0.508912 0.515440 0.501199 0.500726 0.505148 0.508941 0.500646 0.500629 0.501220 0.500774 0.508405 0.507429 0.507618 0.523720 0.521011 0.502906 0.502708 0.502507 0.502257 0.501123 0.501041 0.506669 0.507082 0.507421
0.509568 0.522540 0.523115 0.517276 0.531718 0.518055 0.504137 0.529341 0.519527 0.531816 0.519246 0.531998 0.501785 0.502320 0.513421 0.516724 0.515643 0.512083 0.521514 0.517215 0.502658 0.516614 0.526870 0.518913 0.507040 0.517891 0.508690 0.519942 0.502102 0.513964 0.504843 0.510847 0.521166 0.506636 0.516360 0.522156 0.520600 0.516411 0.528828 0.519808 0.503525 0.527341 0.533112 0.529349 0.517502 0.530291 0.502347 0.501422 0.510103 0.517638 0.501270 0.501220 0.502410 0.501525 0.516529 0.514588 0.514957 0.546527 0.541183 0.505678 0.505293 0.504919 0.504438 0.502209 0.502036 0.513097 0.513905 0.514585
0.506063 0.514282 0.514650 0.510949 0.520103 0.511447 0.502625 0.518607 0.512379 0.520163 0.512194 0.520284 0.501134 0.501471 0.508500 0.510601 0.509908 0.507657 0.513635 0.510907 0.501682 0.510523 0.517028 0.511994 0.504463 0.511337 0.505508 0.512638 0.501331 0.508848 0.503068 0.506867 0.513403 0.504202 0.510370 0.514043 0.513065 0.510395 0.518290 0.512555 0.502233 0.517329 0.520991 0.518599 0.511092 0.519200 0.501485 0.500902 0.506404 0.511175 0.500804 0.500774 0.501525 0.500966 0.510476 0.509246 0.509472 0.529522 0.526128 0.503602 0.503358 0.503118 0.502812 0.501399 0.501291 0.508301 0.508813 0.509241
0.565494 0.650343 0.653885 0.616755 0.705441 0.621755 0.528502 0.691969 0.631295 0.706040 0.629349 0.707181 0.512320 0.515952 0.591259 0.613109 0.605905 0.582347 0.643972 0.616283 0.518271 0.612260 0.677094 0.627428 0.548352 0.620597 0.559560 0.633973 0.514456 0.594930 0.533245 0.573986 0.641605 0.545518 0.610827 0.648070 0.638232 0.610981 0.688796 0.633165 0.524248 0.679952 0.713462 0.691771 0.618243 0.697377 0.516147 0.509788 0.569113 0.618967 0.508744 0.508405 0.516529 0.510476 0.611832 0.598996 0.601499 0.783136 0.756951 0.539071 0.536405 0.533806 0.530505 0.515177 0.514019 0.589170 0.594568 0.599048
0.557813 0.633452 0.636750 0.603362 0.683618 0.607910 0.525116 0.671170 0.616451 0.684137 0.614693 0.685147 0.510879 0.514087 0.580694 0.600180 0.593744 0.572819 0.627759 0.602984 0.516110 0.599456 0.657674 0.612975 0.542655 0.606882 0.552569 0.618775 0.512747 0.583926 0.529329 0.565339 0.625655 0.540152 0.598071 0.631423 0.622594 0.598257 0.668382 0.618015 0.521387 0.660231 0.690913 0.671102 0.604685 0.676153 0.514241 0.508641 0.561043 0.605360 0.507701 0.507429 0.514588 0.509246 0.598996 0.587644 0.589785 0.756281 0.731472 0.534476 0.532139 0.529833 0.526902 0.513392 0.512371 0.578849 0.583634 0.587596
0.559343 0.636791 0.640052 0.606027 0.687927 0.610538 0.525790 0.675451 0.619344 0.688524 0.617500 0.689578 0.511151 0.514425 0.582774 0.602683 0.596075 0.574636 0.631022 0.605608 0.516559 0.601931 0.661693 0.615818 0.543794 0.609455 0.553955 0.621830 0.513089 0.586081 0.530076 0.567025 0.628861 0.541227 0.600628 0.634809 0.625666 0.600738 0.672318 0.621091 0.521971 0.664279 0.695386 0.675311 0.607423 0.680520 0.514655 0.508856 0.562632 0.607961 0.507929 0.507618 0.514957 0.509472 0.601499 0.589785 0.592182 0.761789 0.736628 0.535396 0.532964 0.530607 0.527622 0.513739 0.512695 0.580854 0.585788 0.589890
0.677831 0.852112 0.857569 0.792961 0.921661 0.802560 0.579819 0.907635 0.820282 0.922260 0.816670 0.923386 0.534728 0.544898 0.739235 0.785730 0.770989 0.718708 0.842000 0.792035 0.551439 0.784064 0.890023 0.813250 0.633592 0.800362 0.662782 0.825018 0.540727 0.747437 0.592859 0.698726 0.838098 0.626070 0.781187 0.848630 0.832261 0.781475 0.903924 0.823578 0.568092 0.893554 0.929220 0.907415 0.795878 0.913493 0.545509 0.527607 0.686828 0.797192 0.524674 0.523720 0.546527 0.529522 0.783136 0.756281 0.761789 0.974034 0.961088 0.608770 0.601507 0.594427 0.585369 0.542751 0.539506 0.734489 0.746645 0.756422
0.658804 0.824777 0.830389 0.766391 0.898515 0.775720 0.570751 0.883051 0.793031 0.899182 0.789468 0.900422 0.530760 0.539759 0.715419 0.759469 0.745324 0.696374 0.814609 0.765518 0.545536 0.757851 0.864119 0.786167 0.618817 0.773544 0.645152 0.797684 0.536049 0.723056 0.582345 0.677887 0.810677 0.612038 0.755069 0.821287 0.804926 0.755325 0.879066 0.796261 0.560332 0.867857 0.906995 0.882842 0.769225 0.889473 0.540296 0.524435 0.667052 0.770447 0.521832 0.521011 0.541183 0.526128 0.756951 0.731472 0.736628 0.961088 0.944665 0.596595 0.590115 0.583767 0.575685 0.537843 0.534978 0.711018 0.722368 0.731574
0.522677 0.553169 0.554507 0.540865 0.574577 0.542665 0.509833 0.569312 0.546211 0.574833 0.545400 0.575340 0.504262 0.505494 0.531715 0.539554 0.536917 0.528571 0.550874 0.540680 0.506294 0.539223 0.563461 0.544805 0.516713 0.542219 0.520612 0.547169 0.504979 0.533037 0.511448 0.525585 0.549945 0.515705 0.538765 0.552419 0.548708 0.538763 0.567956 0.546870 0.508363 0.564548 0.577847 0.569171 0.541409 0.571411 0.505570 0.503377 0.523948 0.541598 0.503011 0.502906 0.505678 0.503602 0.539071 0.534476 0.535396 0.608770 0.596595 0.513513 0.512578 0.511667 0.510516 0.505225 0.504837 0.530998 0.532928 0.534493
0.521111 0.549541 0.550814 0.538067 0.569537 0.539768 0.509153 0.564565 0.543044 0.569765 0.542319 0.570211 0.503969 0.505121 0.529549 0.536859 0.534402 0.526629 0.547384 0.537907 0.505858 0.536555 0.559114 0.541740 0.515558 0.539352 0.519189 0.543932 0.504636 0.530764 0.510665 0.523841 0.546530 0.514623 0.536093 0.548815 0.545396 0.536112 0.563371 0.543650 0.507787 0.560129 0.572572 0.564475 0.538574 0.566548 0.505184 0.503145 0.522304 0.538771 0.502802 0.502708 0.505293 0.503358 0.536405 0.532139 0.532964 0.601507 0.590115 0.512578 0.511716 0.510864 0.509792 0.504867 0.504504 0.528880 0.530669 0.532137
0.519610 0.546043 0.547201 0.535348 0.564642 0.536923 0.508493 0.559981 0.539985 0.564851 0.539313 0.565286 0.503676 0.504752 0.527443 0.534218 0.531968 0.524718 0.544017 0.535195 0.505442 0.533954 0.554916 0.538741 0.514442 0.536566 0.517818 0.540807 0.504304 0.528592 0.509909 0.522153 0.543241 0.513584 0.533520 0.545345 0.542127 0.533558 0.558845 0.540538 0.507225 0.555870 0.567490 0.559886 0.535807 0.561826 0.504809 0.502919 0.520702 0.536027 0.502600 0.502507 0.504919 0.503118 0.533806 0.529833 0.530607 0.594427 0.583767 0.511667 0.510864 0.510086 0.509091 0.504520 0.504179 0.526810 0.528478 0.529829
0.517686 0.541563 0.542592 0.531902 0.558357 0.533304 0.507663 0.554146 0.536040 0.558557 0.535470 0.558928 0.503309 0.504282 0.524763 0.530864 0.528836 0.522294 0.539713 0.531764 0.504911 0.530623 0.549570 0.534935 0.513026 0.532971 0.516068 0.536819 0.503884 0.525783 0.508937 0.520000 0.539021 0.512257 0.530235 0.540914 0.538035 0.530267 0.553120 0.536590 0.506519 0.550437 0.560937 0.554071 0.532327 0.555832 0.504342 0.502628 0.518671 0.532513 0.502351 0.502257 0.504438 0.502812 0.530505 0.526902 0.527622 0.585369 0.575685 0.510516 0.509792 0.509091 0.508203 0.504076 0.503766 0.524182 0.525683 0.526931
0.508793 0.520695 0.521221 0.515869 0.529123 0.516579 0.503804 0.526981 0.517949 0.529217 0.517663 0.529401 0.501645 0.502131 0.512320 0.515361 0.514356 0.511093 0.519771 0.515806 0.502441 0.515250 0.524698 0.517388 0.506472 0.516422 0.507987 0.518325 0.501930 0.512828 0.504445 0.509947 0.519434 0.506093 0.515038 0.520366 0.518922 0.515067 0.526479 0.518203 0.503239 0.525128 0.530410 0.526961 0.516077 0.527834 0.502157 0.501307 0.509283 0.516184 0.501167 0.501123 0.502209 0.501399 0.515177 0.513392 0.513739 0.542751 0.537843 0.505225 0.504867 0.504520 0.504076 0.502028 0.501872 0.512029 0.512776 0.513392
0.508124 0.519106 0.519597 0.514661 0.526894 0.515316 0.503518 0.524950 0.516592 0.526984 0.516307 0.527163 0.501525 0.501969 0.511375 0.514194 0.513250 0.510246 0.518272 0.514600 0.502254 0.514082 0.522830 0.516081 0.505984 0.515161 0.507383 0.516934 0.501783 0.511847 0.504102 0.509175 0.517945 0.505626 0.513902 0.518827 0.517488 0.513912 0.524471 0.516823 0.502995 0.523224 0.528083 0.524915 0.514856 0.525724 0.501994 0.501209 0.508581 0.514934 0.501078 0.501041 0.502036 0.501291 0.514019 0.512371 0.512695 0.539506 0.534978 0.504837 0.504504 0.504179 0.503766 0.501872 0.501732 0.511115 0.511807 0.512370
