0.539011 0.587503 0.589300 0.568668 0.624608 0.570557 0.518425 0.617580 0.578696 0.620953 0.576671 0.624479 0.508589 0.510923 0.552930 0.566038 0.561747 0.549148 0.584951 0.565022 0.511529 0.565142 0.602926 0.576722 0.528622 0.569897 0.536122 0.575651 0.509150 0.556685 0.519846 0.541678 0.583459 0.526486 0.565576 0.587616 0.580744 0.566697 0.611593 0.575969 0.515961 0.606106 0.630935 0.612304 0.568547 0.615601 0.510685 0.506723 0.540563 0.569975 0.506028 0.505658 0.510057 0.506586 0.572772 0.566185 0.568395 0.684969 0.668826 0.527130 0.522692 0.521928 0.518737 0.509908 0.508892 0.561782 0.564781 0.564791
0.587503 0.690197 0.693494 0.651558 0.759981 0.655274 0.541663 0.747497 0.671959 0.753364 0.668118 0.759737 0.519400 0.524671 0.618022 0.645942 0.636863 0.609740 0.684908 0.643809 0.526098 0.643931 0.720171 0.668267 0.564552 0.653962 0.581203 0.666003 0.520715 0.625977 0.544828 0.593597 0.682032 0.559727 0.645075 0.690185 0.676489 0.647328 0.736460 0.666608 0.536123 0.726355 0.771011 0.737755 0.651240 0.743806 0.524173 0.515187 0.590962 0.654242 0.513678 0.512800 0.522766 0.514914 0.660112 0.646339 0.651141 0.853073 0.830866 0.561200 0.551195 0.549503 0.542356 0.522463 0.520105 0.636913 0.643388 0.643551
0.589300 0.693494 0.697257 0.654400 0.764297 0.658576 0.542462 0.751549 0.675564 0.757787 0.671379 0.764021 0.519846 0.525233 0.620347 0.648844 0.639569 0.612014 0.688310 0.646687 0.526618 0.646974 0.724238 0.671447 0.565777 0.657093 0.582794 0.669200 0.521146 0.628537 0.545743 0.595332 0.685322 0.560923 0.647745 0.693809 0.679827 0.650232 0.740585 0.669915 0.536826 0.730133 0.775350 0.742000 0.654246 0.748036 0.524705 0.515526 0.592835 0.657257 0.513941 0.513102 0.523261 0.515215 0.663139 0.649215 0.653854 0.857477 0.835373 0.562408 0.552302 0.550533 0.543233 0.522891 0.520541 0.639732 0.646104 0.646203
0.568668 0.651558 0.654400 0.619922 0.711179 0.623078 0.532591 0.700203 0.636663 0.705378 0.633459 0.710928 0.515177 0.519304 0.592955 0.615417 0.608059 0.586353 0.647199 0.613699 0.520403 0.613820 0.676847 0.633568 0.550548 0.621927 0.563685 0.631730 0.516204 0.599313 0.535073 0.573499 0.644844 0.546768 0.614634 0.651623 0.640345 0.616521 0.690744 0.632239 0.528253 0.681969 0.720926 0.691880 0.619741 0.697063 0.518912 0.511872 0.571403 0.622154 0.510692 0.510022 0.517821 0.511661 0.626901 0.615760 0.619558 0.798181 0.776349 0.547929 0.540096 0.538752 0.533153 0.517562 0.515725 0.608141 0.613294 0.613475
0.624608 0.759981 0.764297 0.711179 0.840311 0.716476 0.559809 0.826687 0.737685 0.833293 0.732798 0.840026 0.527938 0.535525 0.666719 0.703968 0.691975 0.655434 0.753532 0.701162 0.537517 0.701465 0.796188 0.732765 0.592332 0.714516 0.615770 0.729926 0.529842 0.677499 0.564395 0.633137 0.749971 0.585555 0.702616 0.760166 0.743223 0.705792 0.814672 0.730825 0.551907 0.802949 0.851885 0.816192 0.710938 0.822810 0.534838 0.521857 0.629475 0.714877 0.519683 0.518460 0.532840 0.521475 0.722305 0.704585 0.710598 0.926401 0.908282 0.587578 0.573492 0.571102 0.560898 0.532311 0.528938 0.692112 0.700470 0.700781
0.570557 0.655274 0.658576 0.623078 0.716476 0.626995 0.533464 0.705034 0.640786 0.710626 0.637286 0.716206 0.515614 0.519865 0.595618 0.618630 0.611091 0.588803 0.650977 0.616830 0.520908 0.617155 0.681553 0.637098 0.551852 0.625410 0.565363 0.635338 0.516671 0.602279 0.536066 0.575519 0.648496 0.548046 0.617563 0.655646 0.644140 0.619784 0.695753 0.635985 0.528988 0.686266 0.726522 0.696881 0.623107 0.702050 0.519454 0.512189 0.573340 0.625634 0.510935 0.510308 0.518379 0.511982 0.630265 0.619056 0.622514 0.804128 0.782329 0.549122 0.541235 0.539888 0.534103 0.517994 0.516154 0.611183 0.616206 0.616473
0.518425 0.541663 0.542462 0.532591 0.559809 0.533464 0.508715 0.556358 0.537329 0.557925 0.536394 0.559715 0.504048 0.505149 0.525068 0.531316 0.529246 0.523243 0.540379 0.530833 0.505445 0.530843 0.549133 0.536460 0.513533 0.533131 0.517084 0.535937 0.504323 0.526810 0.509364 0.519750 0.539710 0.512511 0.531100 0.541659 0.538413 0.531617 0.553415 0.536056 0.507545 0.550711 0.562947 0.553734 0.532545 0.555347 0.505038 0.503164 0.519150 0.533210 0.502851 0.502673 0.504754 0.503111 0.534567 0.531412 0.532478 0.590702 0.582264 0.512831 0.510717 0.510350 0.508853 0.504688 0.504196 0.529264 0.530712 0.530787
0.617580 0.747497 0.751549 0.700203 0.826687 0.705034 0.556358 0.813191 0.725620 0.819580 0.720785 0.826381 0.526297 0.533432 0.657511 0.693203 0.681655 0.646773 0.741174 0.690517 0.535333 0.690684 0.782735 0.720987 0.587053 0.703267 0.609244 0.718225 0.528070 0.667745 0.560603 0.625616 0.737732 0.580619 0.691996 0.747572 0.731098 0.694914 0.801131 0.718963 0.548878 0.789628 0.838269 0.802565 0.699918 0.809201 0.532742 0.520574 0.622111 0.703624 0.518526 0.517366 0.530863 0.520209 0.710908 0.693725 0.699619 0.915596 0.896390 0.582602 0.569217 0.566910 0.557303 0.530421 0.527246 0.681769 0.689882 0.690171
0.578696 0.671959 0.675564 0.636663 0.737685 0.640786 0.537329 0.725620 0.656145 0.731538 0.652063 0.737444 0.517442 0.522179 0.606282 0.631742 0.623446 0.598822 0.667363 0.629757 0.523336 0.630119 0.700222 0.651998 0.557824 0.639205 0.572875 0.650081 0.518571 0.613729 0.540215 0.583969 0.664529 0.553588 0.630648 0.672402 0.659647 0.633010 0.715557 0.650734 0.532315 0.705505 0.748255 0.716726 0.636608 0.722353 0.521669 0.513631 0.581720 0.639346 0.512181 0.511486 0.520439 0.513360 0.644522 0.632058 0.635946 0.828588 0.806374 0.554806 0.545983 0.544449 0.537982 0.520050 0.518037 0.623516 0.629109 0.629194
0.620953 0.753364 0.757787 0.705378 0.833293 0.710626 0.557925 0.819580 0.731538 0.826412 0.726737 0.833057 0.527100 0.534457 0.661917 0.698356 0.686666 0.650992 0.747101 0.695614 0.536372 0.696037 0.789311 0.726582 0.589515 0.708786 0.612282 0.723785 0.528922 0.672542 0.562463 0.629106 0.743498 0.582961 0.697021 0.753673 0.736818 0.700182 0.807556 0.724785 0.550304 0.795963 0.844930 0.809190 0.705107 0.815801 0.533812 0.521217 0.625776 0.709026 0.519083 0.517899 0.531825 0.520810 0.716283 0.698912 0.704833 0.920855 0.902150 0.584892 0.571263 0.568964 0.559040 0.531304 0.528055 0.686830 0.694974 0.695095
0.576671 0.668118 0.671379 0.633459 0.732798 0.637286 0.536394 0.720785 0.652063 0.726737 0.648837 0.732636 0.516960 0.521585 0.603833 0.628559 0.620564 0.596447 0.663416 0.626626 0.522794 0.626970 0.695906 0.648485 0.556462 0.635877 0.571054 0.646493 0.518151 0.611015 0.539305 0.582152 0.660761 0.552281 0.627640 0.668290 0.655915 0.629888 0.710739 0.647290 0.531591 0.701165 0.743429 0.712077 0.633248 0.717598 0.521224 0.513275 0.579862 0.636124 0.511955 0.511196 0.519995 0.513050 0.641128 0.629048 0.633130 0.823106 0.800950 0.553427 0.544805 0.543434 0.537134 0.519629 0.517564 0.620604 0.626214 0.626371
0.624479 0.759737 0.764021 0.710928 0.840026 0.716206 0.559715 0.826381 0.737444 0.833057 0.732636 0.839816 0.527886 0.535462 0.666541 0.703700 0.691808 0.655246 0.753326 0.700865 0.537455 0.701241 0.795837 0.732452 0.592222 0.714293 0.615604 0.729628 0.529794 0.677422 0.564351 0.632966 0.749669 0.585457 0.702429 0.759906 0.742864 0.705591 0.814319 0.730588 0.551826 0.802661 0.851692 0.815829 0.710583 0.822489 0.534792 0.521833 0.629372 0.714629 0.519639 0.518398 0.532778 0.521444 0.722001 0.704295 0.710350 0.926132 0.907975 0.587398 0.573351 0.571039 0.560807 0.532244 0.528881 0.691855 0.700255 0.700440
0.508589 0.519400 0.519846 0.515177 0.527938 0.515614 0.504048 0.526297 0.517442 0.527100 0.516960 0.527886 0.501895 0.502408 0.511663 0.514603 0.513627 0.510842 0.518830 0.514386 0.502539 0.514412 0.522962 0.517000 0.506291 0.515465 0.507952 0.516754 0.502013 0.512483 0.504359 0.509165 0.518508 0.505823 0.514475 0.519454 0.517909 0.514736 0.524926 0.516825 0.503511 0.523654 0.529379 0.525118 0.515176 0.525865 0.502355 0.501481 0.508936 0.515471 0.501330 0.501254 0.502214 0.501448 0.516108 0.514634 0.515118 0.542595 0.538559 0.505980 0.505003 0.504819 0.504123 0.502182 0.501960 0.513665 0.514314 0.514323
0.510923 0.524671 0.525233 0.519304 0.535525 0.519865 0.505149 0.533432 0.522179 0.534457 0.521585 0.535462 0.502408 0.503062 0.514842 0.518573 0.517336 0.513792 0.523942 0.518295 0.503228 0.518330 0.529201 0.521620 0.508003 0.519670 0.510113 0.521308 0.502562 0.515885 0.505547 0.511666 0.523535 0.507408 0.518412 0.524734 0.522776 0.518746 0.531694 0.521403 0.504467 0.530076 0.537368 0.531938 0.519300 0.532885 0.502996 0.501883 0.511367 0.519684 0.501692 0.501594 0.502819 0.501842 0.520486 0.518619 0.519233 0.554102 0.548997 0.507603 0.506362 0.506133 0.505247 0.502776 0.502492 0.517380 0.518206 0.518223
0.552930 0.618022 0.620347 0.592955 0.666719 0.595618 0.525068 0.657511 0.606282 0.661917 0.603833 0.666541 0.511663 0.514842 0.571900 0.589437 0.583701 0.566710 0.614556 0.588066 0.515677 0.588231 0.638505 0.603738 0.538913 0.594606 0.549053 0.602305 0.512473 0.576912 0.527018 0.556743 0.612659 0.536010 0.588785 0.618106 0.609135 0.590343 0.649817 0.602783 0.521732 0.642538 0.674986 0.650754 0.592829 0.654984 0.514563 0.509121 0.555084 0.594808 0.508214 0.507699 0.513734 0.508970 0.598457 0.589764 0.592671 0.742149 0.722563 0.536845 0.530852 0.529865 0.525534 0.513499 0.512082 0.583735 0.587738 0.587907
0.566038 0.645942 0.648844 0.615417 0.703968 0.618630 0.531316 0.693203 0.631742 0.698356 0.628559 0.703700 0.514603 0.518573 0.589437 0.611127 0.604005 0.583099 0.641776 0.609473 0.519605 0.609640 0.670625 0.628631 0.548569 0.617439 0.561222 0.626874 0.515581 0.595583 0.533715 0.570656 0.639492 0.544956 0.610281 0.646119 0.635207 0.612180 0.684088 0.627400 0.527149 0.675440 0.713462 0.685229 0.615320 0.690232 0.518192 0.511417 0.568674 0.617632 0.510273 0.509650 0.517148 0.511208 0.622180 0.611464 0.615027 0.789432 0.767864 0.546068 0.538571 0.537263 0.531880 0.516874 0.515123 0.604128 0.609016 0.609202
0.561747 0.636863 0.639569 0.608059 0.691975 0.611091 0.529246 0.681655 0.623446 0.686666 0.620564 0.691808 0.513627 0.517336 0.583701 0.604005 0.597397 0.577726 0.632948 0.602422 0.518305 0.602646 0.660161 0.620460 0.545396 0.609991 0.557205 0.618815 0.514553 0.589555 0.531537 0.566081 0.630713 0.542019 0.603274 0.637004 0.626627 0.605061 0.672937 0.619380 0.525358 0.664774 0.701193 0.674019 0.607879 0.678818 0.517001 0.510664 0.564253 0.610166 0.509585 0.508986 0.516014 0.510469 0.614385 0.604327 0.607712 0.774530 0.753459 0.542990 0.536003 0.534849 0.529786 0.515749 0.514110 0.597434 0.602066 0.602155
0.549148 0.609740 0.612014 0.586353 0.655434 0.588803 0.523243 0.646773 0.598822 0.650992 0.596447 0.655246 0.510842 0.513792 0.566710 0.583099 0.577726 0.561956 0.606544 0.581846 0.514560 0.582010 0.628982 0.596437 0.536099 0.587927 0.545531 0.595083 0.511569 0.571366 0.525058 0.552593 0.604764 0.533410 0.582465 0.609897 0.601456 0.583919 0.639514 0.595535 0.520163 0.632742 0.663126 0.640476 0.586256 0.644449 0.513525 0.508482 0.551163 0.588050 0.507632 0.507164 0.512734 0.508321 0.591499 0.583356 0.586091 0.727275 0.708447 0.534224 0.528653 0.527696 0.523686 0.512529 0.511226 0.577823 0.581527 0.581621
0.584951 0.684908 0.688310 0.647199 0.753532 0.650977 0.540379 0.741174 0.667363 0.747101 0.663416 0.753326 0.518830 0.523942 0.614556 0.641776 0.632948 0.606544 0.679856 0.639681 0.525290 0.639902 0.714342 0.663496 0.562579 0.649659 0.578761 0.661331 0.520075 0.622414 0.543480 0.590721 0.676930 0.557929 0.640882 0.685047 0.671522 0.643145 0.730351 0.661965 0.534996 0.720333 0.764442 0.731625 0.646907 0.737593 0.523435 0.514743 0.588287 0.649851 0.513234 0.512405 0.522061 0.514454 0.655535 0.642100 0.646685 0.846162 0.823868 0.559318 0.549655 0.548016 0.541055 0.521743 0.519499 0.632987 0.639230 0.639267
0.565022 0.643809 0.646687 0.613699 0.701162 0.616830 0.530833 0.690517 0.629757 0.695614 0.626626 0.700865 0.514386 0.518295 0.588066 0.609473 0.602422 0.581846 0.639681 0.607862 0.519317 0.608003 0.668235 0.626756 0.547826 0.615684 0.560294 0.625001 0.515345 0.594078 0.533189 0.569572 0.637468 0.544263 0.608623 0.643989 0.633244 0.610489 0.681495 0.625512 0.526742 0.672978 0.710501 0.682669 0.613626 0.687600 0.517924 0.511245 0.567634 0.615868 0.510130 0.509518 0.516889 0.511038 0.620385 0.609809 0.613346 0.786076 0.764597 0.545393 0.537997 0.536683 0.531398 0.516629 0.514899 0.602591 0.607403 0.607607
0.511529 0.526098 0.526618 0.520403 0.537517 0.520908 0.505445 0.535333 0.523336 0.536372 0.522794 0.537455 0.502539 0.503228 0.515677 0.519605 0.518305 0.514560 0.525290 0.519317 0.503419 0.519325 0.530833 0.522845 0.508470 0.520749 0.510691 0.522494 0.502708 0.516751 0.505863 0.512348 0.524883 0.507829 0.519473 0.526104 0.524054 0.519791 0.533449 0.522589 0.504730 0.531821 0.539464 0.533718 0.520368 0.534728 0.503169 0.501988 0.512016 0.520779 0.501798 0.501683 0.502978 0.501949 0.521647 0.519664 0.520376 0.557180 0.551771 0.508045 0.506716 0.506478 0.505547 0.502944 0.502632 0.518347 0.519258 0.519284
0.565142 0.643931 0.646974 0.613820 0.701465 0.617155 0.530843 0.690684 0.630119 0.696037 0.626970 0.701241 0.514412 0.518330 0.588231 0.609640 0.602646 0.582010 0.639902 0.608003 0.519325 0.608285 0.668502 0.626887 0.547862 0.615952 0.560336 0.625166 0.515368 0.594379 0.533273 0.569633 0.637575 0.544327 0.608752 0.644238 0.633368 0.610713 0.681709 0.625792 0.526757 0.673113 0.710922 0.682929 0.613738 0.687862 0.517971 0.511271 0.567797 0.616077 0.510125 0.509520 0.516921 0.511050 0.620498 0.609968 0.613428 0.786278 0.764816 0.545379 0.538041 0.536776 0.531449 0.516623 0.514913 0.602785 0.607543 0.607636
0.602926 0.720171 0.724238 0.676847 0.796188 0.681553 0.549133 0.782735 0.700222 0.789311 0.695906 0.795837 0.522962 0.529201 0.638505 0.670625 0.660161 0.628982 0.714342 0.668235 0.530833 0.668502 0.753809 0.695928 0.576024 0.679832 0.595553 0.693375 0.524519 0.647625 0.552929 0.610087 0.711229 0.570415 0.669337 0.720434 0.705251 0.672162 0.771178 0.694210 0.542668 0.760003 0.807669 0.772781 0.676746 0.779093 0.528658 0.517954 0.607077 0.680118 0.516196 0.515207 0.527003 0.517633 0.686658 0.671195 0.676414 0.888839 0.867852 0.572159 0.560513 0.558478 0.550094 0.526562 0.523781 0.660427 0.667574 0.667904
0.576722 0.668267 0.671447 0.633568 0.732765 0.637098 0.536460 0.720987 0.651998 0.726582 0.648485 0.732452 0.517000 0.521620 0.603738 0.628631 0.620460 0.596437 0.663496 0.626756 0.522845 0.626887 0.695928 0.648634 0.556518 0.635809 0.571182 0.646598 0.518146 0.610739 0.539236 0.582115 0.660973 0.552303 0.627703 0.668386 0.656088 0.629821 0.710863 0.647171 0.531626 0.701365 0.743083 0.712153 0.633434 0.717683 0.521190 0.513293 0.579795 0.636053 0.511985 0.511245 0.519968 0.513055 0.641288 0.629032 0.633196 0.823375 0.801134 0.553632 0.544887 0.543356 0.537116 0.519673 0.517612 0.620623 0.626269 0.626517
0.528622 0.564552 0.565777 0.550548 0.592332 0.551852 0.513533 0.587053 0.557824 0.589515 0.556462 0.592222 0.506291 0.508003 0.538913 0.548569 0.545396 0.536099 0.562579 0.547826 0.508470 0.547862 0.576024 0.556518 0.521031 0.551394 0.526532 0.555695 0.506720 0.541624 0.514567 0.530670 0.561532 0.519443 0.548266 0.564540 0.559501 0.549054 0.582511 0.555915 0.511732 0.578465 0.597127 0.583053 0.550437 0.585529 0.507846 0.504924 0.529786 0.551497 0.504440 0.504153 0.507388 0.504837 0.553589 0.548716 0.550419 0.638818 0.626224 0.519932 0.516649 0.516095 0.513764 0.507291 0.506521 0.545422 0.547682 0.547749
0.569897 0.653962 0.657093 0.621927 0.714516 0.625410 0.533131 0.703267 0.639205 0.708786 0.635877 0.714293 0.515465 0.519670 0.594606 0.617439 0.609991 0.587927 0.649659 0.615684 0.520749 0.615952 0.679832 0.635809 0.551394 0.624143 0.564761 0.633981 0.516498 0.601172 0.535722 0.574733 0.647189 0.547591 0.616540 0.654219 0.642694 0.618589 0.693807 0.634614 0.528732 0.684785 0.724419 0.695032 0.621803 0.700241 0.519280 0.512097 0.572719 0.624304 0.510868 0.510209 0.518160 0.511866 0.629024 0.617787 0.621505 0.802015 0.780129 0.548714 0.540824 0.539477 0.533757 0.517850 0.516007 0.610098 0.615218 0.615328
0.536122 0.581203 0.582794 0.563685 0.615770 0.565363 0.517084 0.609244 0.572875 0.612282 0.571054 0.615604 0.507952 0.510113 0.549053 0.561222 0.557205 0.545531 0.578761 0.560294 0.510691 0.560336 0.595553 0.571182 0.526532 0.564761 0.533484 0.570163 0.508482 0.552458 0.518373 0.538661 0.577452 0.524536 0.560800 0.581238 0.574934 0.561807 0.603643 0.570415 0.514803 0.598551 0.621640 0.604304 0.563589 0.607366 0.509898 0.506220 0.537559 0.564876 0.505600 0.505252 0.509324 0.506105 0.567512 0.561388 0.563477 0.672589 0.657350 0.525170 0.521030 0.520304 0.517367 0.509199 0.508240 0.557263 0.560069 0.560161
0.575651 0.666003 0.669200 0.631730 0.729926 0.635338 0.535937 0.718225 0.650081 0.723785 0.646493 0.729628 0.516754 0.521308 0.602305 0.626874 0.618815 0.595083 0.661331 0.625001 0.522494 0.625166 0.693375 0.646598 0.555695 0.633981 0.570163 0.644629 0.517879 0.609273 0.538671 0.580939 0.658785 0.551554 0.625927 0.666171 0.653986 0.628059 0.708247 0.645192 0.531149 0.698717 0.740208 0.709460 0.631620 0.714945 0.520864 0.513096 0.578637 0.634219 0.511785 0.511069 0.519675 0.512863 0.639350 0.627258 0.631274 0.820059 0.797875 0.552829 0.544236 0.542737 0.536569 0.519363 0.517352 0.618939 0.624479 0.624716
0.509150 0.520715 0.521146 0.516204 0.529842 0.516671 0.504323 0.528070 0.518571 0.528922 0.518151 0.529794 0.502013 0.502562 0.512473 0.515581 0.514553 0.511569 0.520075 0.515345 0.502708 0.515368 0.524519 0.518146 0.506720 0.516498 0.508482 0.517879 0.502153 0.513337 0.504660 0.509823 0.519752 0.506216 0.515456 0.520731 0.519120 0.515735 0.526610 0.517968 0.503753 0.525255 0.531428 0.526814 0.516191 0.527604 0.502518 0.501574 0.509537 0.516534 0.501423 0.501334 0.502373 0.501548 0.517194 0.515646 0.516173 0.545461 0.541181 0.506372 0.505331 0.505153 0.504411 0.502334 0.502086 0.514579 0.515285 0.515327
0.556685 0.625977 0.628537 0.599313 0.677499 0.602279 0.526810 0.667745 0.613729 0.672542 0.611015 0.677422 0.512483 0.515885 0.576912 0.595583 0.589555 0.571366 0.622414 0.594078 0.516751 0.594379 0.647625 0.610739 0.541624 0.601172 0.552458 0.609273 0.513337 0.582434 0.528946 0.560645 0.620228 0.538545 0.594911 0.626157 0.616453 0.596617 0.659634 0.609848 0.523223 0.651890 0.686328 0.660570 0.599116 0.665088 0.515574 0.509772 0.558969 0.601325 0.508750 0.508205 0.514677 0.509594 0.605128 0.595874 0.598907 0.755963 0.735703 0.539346 0.532985 0.531987 0.527303 0.514400 0.512918 0.589494 0.593750 0.593766
0.519846 0.544828 0.545743 0.535073 0.564395 0.536066 0.509364 0.560603 0.540215 0.562463 0.539305 0.564351 0.504359 0.505547 0.527018 0.533715 0.531537 0.525058 0.543480 0.533189 0.505863 0.533273 0.552929 0.539236 0.514567 0.535722 0.518373 0.538671 0.504660 0.528946 0.510113 0.521266 0.542715 0.513476 0.533489 0.544862 0.541312 0.534079 0.557436 0.538883 0.508125 0.554570 0.567845 0.557851 0.534992 0.559584 0.505451 0.503414 0.520684 0.535778 0.503073 0.502874 0.505128 0.503352 0.537187 0.533830 0.534989 0.597469 0.588432 0.513782 0.511535 0.511176 0.509547 0.505045 0.504515 0.531545 0.533095 0.533110
0.541678 0.593597 0.595332 0.573499 0.633137 0.575519 0.519750 0.625616 0.583969 0.629106 0.582152 0.632966 0.509165 0.511666 0.556743 0.570656 0.566081 0.552593 0.590721 0.569572 0.512348 0.569633 0.610087 0.582115 0.530670 0.574733 0.538661 0.580939 0.509823 0.560645 0.521266 0.544798 0.589278 0.528357 0.570175 0.593549 0.586443 0.571369 0.619297 0.581290 0.517127 0.613429 0.639955 0.620051 0.573383 0.623499 0.511463 0.507165 0.543393 0.574956 0.506482 0.506060 0.510818 0.507065 0.577895 0.570962 0.573345 0.696852 0.679984 0.529039 0.524284 0.523509 0.520113 0.510647 0.509505 0.566106 0.569341 0.569562
0.583459 0.682032 0.685322 0.644844 0.749971 0.648496 0.539710 0.737732 0.664529 0.743498 0.660761 0.749669 0.518508 0.523535 0.612659 0.639492 0.630713 0.604764 0.676930 0.637468 0.524883 0.637575 0.711229 0.660973 0.561532 0.647189 0.577452 0.658785 0.519752 0.620228 0.542715 0.589278 0.674211 0.556937 0.638570 0.682092 0.668926 0.640779 0.727028 0.659361 0.534437 0.717117 0.760709 0.728341 0.644633 0.734193 0.523055 0.514479 0.586766 0.647450 0.513049 0.512231 0.521719 0.514217 0.653110 0.639887 0.644441 0.842456 0.820154 0.558386 0.548846 0.547185 0.540390 0.521422 0.519178 0.630845 0.636992 0.637213
0.526486 0.559727 0.560923 0.546768 0.585555 0.548046 0.512511 0.580619 0.553588 0.582961 0.552281 0.585457 0.505823 0.507408 0.536010 0.544956 0.542019 0.533410 0.557929 0.544263 0.507829 0.544327 0.570415 0.552303 0.519443 0.547591 0.524536 0.551554 0.506216 0.538545 0.513476 0.528357 0.556937 0.517984 0.544648 0.559764 0.555073 0.545408 0.576434 0.551776 0.510844 0.572626 0.590023 0.576940 0.546684 0.579232 0.507259 0.504557 0.527560 0.547671 0.504100 0.503842 0.506836 0.504473 0.549587 0.545087 0.546622 0.628852 0.617096 0.518424 0.515404 0.514893 0.512731 0.506735 0.506032 0.542045 0.544110 0.544158
0.565576 0.645075 0.647745 0.614634 0.702616 0.617563 0.531100 0.691996 0.630648 0.697021 0.627640 0.702429 0.514475 0.518412 0.588785 0.610281 0.603274 0.582465 0.640882 0.608623 0.519473 0.608752 0.669337 0.627703 0.548266 0.616540 0.560800 0.625927 0.515456 0.594911 0.533489 0.570175 0.638570 0.544648 0.609606 0.645091 0.634177 0.611372 0.682758 0.626435 0.526963 0.674393 0.712131 0.683858 0.614378 0.688918 0.518046 0.511334 0.568211 0.616742 0.510202 0.509546 0.516989 0.511126 0.621303 0.610587 0.614313 0.787831 0.766248 0.545736 0.538244 0.536991 0.531631 0.516756 0.514999 0.603307 0.608305 0.608399
0.587616 0.690185 0.693809 0.651623 0.760166 0.655646 0.541659 0.747572 0.672402 0.753673 0.668290 0.759906 0.519454 0.524734 0.618106 0.646119 0.637004 0.609897 0.685047 0.643989 0.526104 0.644238 0.720434 0.668386 0.564540 0.654219 0.581238 0.666171 0.520731 0.626157 0.544862 0.593549 0.682092 0.559764 0.645091 0.690432 0.676637 0.647491 0.736665 0.666843 0.536118 0.726365 0.771155 0.738020 0.651428 0.744028 0.524210 0.515222 0.591065 0.654398 0.513668 0.512835 0.522797 0.514921 0.660212 0.646472 0.651083 0.853188 0.831001 0.561220 0.551282 0.549554 0.542389 0.522448 0.520139 0.637126 0.643445 0.643536
0.580744 0.676489 0.679827 0.640345 0.743223 0.644140 0.538413 0.731098 0.659647 0.736818 0.655915 0.742864 0.517909 0.522776 0.609135 0.635207 0.626627 0.601456 0.671522 0.633244 0.524054 0.633368 0.705251 0.656088 0.559501 0.642694 0.574934 0.653986 0.519120 0.616453 0.541312 0.586443 0.668926 0.555073 0.634177 0.676637 0.663901 0.636431 0.720740 0.654559 0.533308 0.710798 0.753797 0.722029 0.640273 0.727702 0.522311 0.513992 0.583936 0.642980 0.512617 0.511852 0.521048 0.513754 0.648428 0.635652 0.639911 0.835033 0.812781 0.556474 0.547285 0.545659 0.539097 0.520719 0.518554 0.626808 0.632670 0.633012
0.566697 0.647328 0.650232 0.616521 0.705792 0.619784 0.531617 0.694914 0.633010 0.700182 0.629888 0.705591 0.514736 0.518746 0.590343 0.612180 0.605061 0.583919 0.643145 0.610489 0.519791 0.610713 0.672162 0.629821 0.549054 0.618589 0.561807 0.628059 0.515735 0.596617 0.534079 0.571369 0.640779 0.545408 0.611372 0.647491 0.636431 0.613295 0.685715 0.628646 0.527413 0.677035 0.715453 0.686859 0.616359 0.691922 0.518378 0.511529 0.569387 0.618779 0.510365 0.509723 0.517316 0.511319 0.623314 0.612527 0.616139 0.791556 0.769933 0.546474 0.538925 0.537659 0.532198 0.517029 0.515259 0.605123 0.610080 0.610204
0.611593 0.736460 0.740585 0.690744 0.814672 0.695753 0.553415 0.801131 0.715557 0.807556 0.710739 0.814319 0.524926 0.531694 0.649817 0.684088 0.672937 0.639514 0.730351 0.681495 0.533449 0.681709 0.771178 0.710863 0.582511 0.693807 0.603643 0.708247 0.526610 0.659634 0.557436 0.619297 0.727028 0.576434 0.682758 0.736665 0.720740 0.685715 0.789358 0.708980 0.546303 0.777713 0.826282 0.790747 0.690629 0.797253 0.531027 0.519478 0.615872 0.694178 0.517528 0.516471 0.529288 0.519148 0.701115 0.684648 0.690079 0.905370 0.885414 0.578289 0.565652 0.563450 0.554335 0.528805 0.525817 0.673082 0.680735 0.681140
0.575969 0.666608 0.669915 0.632239 0.730825 0.635985 0.536056 0.718963 0.650734 0.724785 0.647290 0.730588 0.516825 0.521403 0.602783 0.627400 0.619380 0.595535 0.661965 0.625512 0.522589 0.625792 0.694210 0.647171 0.555915 0.634614 0.570415 0.645192 0.517968 0.609848 0.538883 0.581290 0.659361 0.551776 0.626435 0.666843 0.654559 0.628646 0.708980 0.645893 0.531284 0.699443 0.741232 0.710303 0.632104 0.715785 0.521001 0.513161 0.579064 0.634818 0.511843 0.511116 0.519784 0.512921 0.639876 0.627820 0.631844 0.820986 0.798811 0.552993 0.544419 0.542971 0.536756 0.519444 0.517420 0.619499 0.625028 0.625193
0.515961 0.536123 0.536826 0.528253 0.551907 0.528988 0.507545 0.548878 0.532315 0.550304 0.531591 0.551826 0.503511 0.504467 0.521732 0.527149 0.525358 0.520163 0.534996 0.526742 0.504730 0.526757 0.542668 0.531626 0.511732 0.528732 0.514803 0.531149 0.503753 0.523223 0.508125 0.517127 0.534437 0.510844 0.526963 0.536118 0.533308 0.527413 0.546303 0.531284 0.506551 0.544014 0.554629 0.546651 0.528208 0.548039 0.504388 0.502747 0.516632 0.528794 0.502487 0.502326 0.504131 0.502700 0.529972 0.527250 0.528212 0.578880 0.571499 0.511129 0.509297 0.508981 0.507688 0.504077 0.503640 0.525400 0.526658 0.526720
0.606106 0.726355 0.730133 0.681969 0.802949 0.686266 0.550711 0.789628 0.705505 0.795963 0.701165 0.802661 0.523654 0.530076 0.642538 0.675440 0.664774 0.632742 0.720333 0.672978 0.531821 0.673113 0.760003 0.701365 0.578465 0.684785 0.598551 0.698717 0.525255 0.651890 0.554570 0.613429 0.717117 0.572626 0.674393 0.726365 0.710798 0.677035 0.777713 0.699443 0.544014 0.766742 0.814475 0.779219 0.681633 0.785723 0.529492 0.518520 0.610318 0.685094 0.516704 0.515632 0.527762 0.518182 0.691929 0.675924 0.681566 0.895147 0.874416 0.574453 0.562327 0.560247 0.551594 0.527401 0.524515 0.664917 0.672483 0.672696
0.630935 0.771011 0.775350 0.720926 0.851885 0.726522 0.562947 0.838269 0.748255 0.844930 0.743429 0.851692 0.529379 0.537368 0.674986 0.713462 0.701193 0.663126 0.764442 0.710501 0.539464 0.710922 0.807669 0.743083 0.597127 0.724419 0.621640 0.740208 0.531428 0.686328 0.567845 0.639955 0.760709 0.590023 0.712131 0.771155 0.753797 0.715453 0.826282 0.741232 0.554629 0.814475 0.863501 0.827752 0.720580 0.834391 0.536685 0.522996 0.636065 0.724833 0.520693 0.519380 0.534592 0.522615 0.732337 0.714155 0.720327 0.935022 0.917920 0.591991 0.577265 0.574899 0.564113 0.533989 0.530430 0.701180 0.709861 0.710136
0.612304 0.737755 0.742000 0.691880 0.816192 0.696881 0.553734 0.802565 0.716726 0.809190 0.712077 0.815829 0.525118 0.531938 0.650754 0.685229 0.674019 0.640476 0.731625 0.682669 0.533718 0.682929 0.772781 0.712153 0.583053 0.695032 0.604304 0.709460 0.526814 0.660570 0.557851 0.620051 0.728341 0.576940 0.683858 0.738020 0.722029 0.686859 0.790747 0.710303 0.546651 0.779219 0.827752 0.792340 0.691776 0.798811 0.531323 0.519637 0.616758 0.695347 0.517706 0.516630 0.529524 0.519288 0.702324 0.685820 0.691372 0.906737 0.886861 0.578847 0.566138 0.563906 0.554754 0.529046 0.526013 0.674287 0.681944 0.682309
0.568547 0.651240 0.654246 0.619741 0.710938 0.623107 0.532545 0.699918 0.636608 0.705107 0.633248 0.710583 0.515176 0.519300 0.592829 0.615320 0.607879 0.586256 0.646907 0.613626 0.520368 0.613738 0.676746 0.633434 0.550437 0.621803 0.563589 0.631620 0.516191 0.599116 0.534992 0.573383 0.644633 0.546684 0.614378 0.651428 0.640273 0.616359 0.690629 0.632104 0.528208 0.681633 0.720580 0.691776 0.619731 0.696871 0.518890 0.511850 0.571245 0.622041 0.510677 0.510045 0.517828 0.511645 0.626770 0.615696 0.619316 0.797895 0.776128 0.547884 0.540089 0.538686 0.533122 0.517540 0.515719 0.608059 0.613077 0.613392
0.615601 0.743806 0.748036 0.697063 0.822810 0.702050 0.555347 0.809201 0.722353 0.815801 0.717598 0.822489 0.525865 0.532885 0.654984 0.690232 0.678818 0.644449 0.737593 0.687600 0.534728 0.687862 0.779093 0.717683 0.585529 0.700241 0.607366 0.714945 0.527604 0.665088 0.559584 0.623499 0.734193 0.579232 0.688918 0.744028 0.727702 0.691922 0.797253 0.715785 0.548039 0.785723 0.834391 0.798811 0.696871 0.805368 0.532239 0.520233 0.620150 0.700545 0.518224 0.517103 0.530375 0.519864 0.707681 0.690785 0.696522 0.912351 0.892890 0.581173 0.568076 0.565801 0.556361 0.529904 0.526788 0.679025 0.686919 0.687201
0.510685 0.524173 0.524705 0.518912 0.534838 0.519454 0.505038 0.532742 0.521669 0.533812 0.521224 0.534792 0.502355 0.502996 0.514563 0.518192 0.517001 0.513525 0.523435 0.517924 0.503169 0.517971 0.528658 0.521190 0.507846 0.519280 0.509898 0.520864 0.502518 0.515574 0.505451 0.511463 0.523055 0.507259 0.518046 0.524210 0.522311 0.518378 0.531027 0.521001 0.504388 0.529492 0.536685 0.531323 0.518890 0.532239 0.502957 0.501844 0.511169 0.519303 0.501671 0.501564 0.502777 0.501809 0.520069 0.518271 0.518910 0.553053 0.548055 0.507441 0.506231 0.506027 0.505160 0.502732 0.502439 0.517050 0.517869 0.517893
0.506723 0.515187 0.515526 0.511872 0.521857 0.512189 0.503164 0.520574 0.513631 0.521217 0.513275 0.521833 0.501481 0.501883 0.509121 0.511417 0.510664 0.508482 0.514743 0.511245 0.501988 0.511271 0.517954 0.513293 0.504924 0.512097 0.506220 0.513096 0.501574 0.509772 0.503414 0.507165 0.514479 0.504557 0.511334 0.515222 0.513992 0.511529 0.519478 0.513161 0.502747 0.518520 0.522996 0.519637 0.511850 0.520233 0.501844 0.501161 0.507003 0.512094 0.501041 0.500978 0.501729 0.501132 0.512594 0.511434 0.511836 0.533343 0.530166 0.504676 0.503909 0.503771 0.503224 0.501707 0.501532 0.510687 0.511208 0.511191
0.540563 0.590962 0.592835 0.571403 0.629475 0.573340 0.519150 0.622111 0.581720 0.625776 0.579862 0.629372 0.508936 0.511367 0.555084 0.568674 0.564253 0.551163 0.588287 0.567634 0.512016 0.567797 0.607077 0.579795 0.529786 0.572719 0.537559 0.578637 0.509537 0.558969 0.520684 0.543393 0.586766 0.527560 0.568211 0.591065 0.583936 0.569387 0.615872 0.579064 0.516632 0.610318 0.636065 0.616758 0.571245 0.620150 0.511169 0.507003 0.542286 0.572789 0.506305 0.505900 0.510491 0.506860 0.575668 0.568875 0.571256 0.691797 0.675170 0.528221 0.523615 0.522851 0.519534 0.510336 0.509253 0.564323 0.567448 0.567437
0.569975 0.654242 0.657257 0.622154 0.714877 0.625634 0.533210 0.703624 0.639346 0.709026 0.636124 0.714629 0.515471 0.519684 0.594808 0.617632 0.610166 0.588050 0.649851 0.615868 0.520779 0.616077 0.680118 0.636053 0.551497 0.624304 0.564876 0.634219 0.516534 0.601325 0.535778 0.574956 0.647450 0.547671 0.616742 0.654398 0.642980 0.618779 0.694178 0.634818 0.528794 0.685094 0.724833 0.695347 0.622041 0.700545 0.519303 0.512094 0.572789 0.624552 0.510889 0.510220 0.518208 0.511891 0.629266 0.618046 0.621762 0.802434 0.780584 0.548796 0.540881 0.539547 0.533828 0.517893 0.516024 0.610248 0.615399 0.615637
0.506028 0.513678 0.513941 0.510692 0.519683 0.510935 0.502851 0.518526 0.512181 0.519083 0.511955 0.519639 0.501330 0.501692 0.508214 0.510273 0.509585 0.507632 0.513234 0.510130 0.501798 0.510125 0.516196 0.511985 0.504440 0.510868 0.505600 0.511785 0.501423 0.508750 0.503073 0.506482 0.513049 0.504100 0.510202 0.513668 0.512617 0.510365 0.517528 0.511843 0.502487 0.516704 0.520693 0.517706 0.510677 0.518224 0.501671 0.501041 0.506305 0.510889 0.500953 0.500889 0.501568 0.501023 0.511351 0.510319 0.510717 0.530094 0.527230 0.504225 0.503524 0.503396 0.502916 0.501554 0.501381 0.509628 0.510108 0.510140
0.505658 0.512800 0.513102 0.510022 0.518460 0.510308 0.502673 0.517366 0.511486 0.517899 0.511196 0.518398 0.501254 0.501594 0.507699 0.509650 0.508986 0.507164 0.512405 0.509518 0.501683 0.509520 0.515207 0.511245 0.504153 0.510209 0.505252 0.511069 0.501334 0.508205 0.502874 0.506060 0.512231 0.503842 0.509546 0.512835 0.511852 0.509723 0.516471 0.511116 0.502326 0.515632 0.519380 0.516630 0.510045 0.517103 0.501564 0.500978 0.505900 0.510220 0.500889 0.500839 0.501472 0.500958 0.510651 0.509686 0.510010 0.528213 0.525540 0.503964 0.503315 0.503181 0.502732 0.501452 0.501299 0.509042 0.509460 0.509500
0.510057 0.522766 0.523261 0.517821 0.532840 0.518379 0.504754 0.530863 0.520439 0.531825 0.519995 0.532778 0.502214 0.502819 0.513734 0.517148 0.516014 0.512734 0.522061 0.516889 0.502978 0.516921 0.527003 0.519968 0.507388 0.518160 0.509324 0.519675 0.502373 0.514677 0.505128 0.510818 0.521719 0.506836 0.516989 0.522797 0.521048 0.517316 0.529288 0.519784 0.504131 0.527762 0.534592 0.529524 0.517828 0.530375 0.502777 0.501729 0.510491 0.518208 0.501568 0.501472 0.502620 0.501704 0.518918 0.517238 0.517794 0.549990 0.545310 0.507004 0.505869 0.505675 0.504860 0.502570 0.502295 0.516052 0.516810 0.516881
0.506586 0.514914 0.515215 0.511661 0.521475 0.511982 0.503111 0.520209 0.513360 0.520810 0.513050 0.521444 0.501448 0.501842 0.508970 0.511208 0.510469 0.508321 0.514454 0.511038 0.501949 0.511050 0.517633 0.513055 0.504837 0.511866 0.506105 0.512863 0.501548 0.509594 0.503352 0.507065 0.514217 0.504473 0.511126 0.514921 0.513754 0.511319 0.519148 0.512921 0.502700 0.518182 0.522615 0.519288 0.511645 0.519864 0.501809 0.501132 0.506860 0.511891 0.501023 0.500958 0.501704 0.501113 0.512372 0.511249 0.511636 0.532747 0.529650 0.504586 0.503834 0.503705 0.503170 0.501679 0.501501 0.510484 0.510998 0.511022
0.572772 0.660112 0.663139 0.626901 0.722305 0.630265 0.534567 0.710908 0.644522 0.716283 0.641128 0.722001 0.516108 0.520486 0.598457 0.622180 0.614385 0.591499 0.655535 0.620385 0.521647 0.620498 0.686658 0.641288 0.553589 0.629024 0.567512 0.639350 0.517194 0.605128 0.537187 0.577895 0.653110 0.549587 0.621303 0.660212 0.648428 0.623314 0.701115 0.639876 0.529972 0.691929 0.732337 0.702324 0.626770 0.707681 0.520069 0.512594 0.575668 0.629266 0.511351 0.510651 0.518918 0.512372 0.634272 0.622557 0.626522 0.811350 0.789260 0.550846 0.542546 0.541093 0.535173 0.518639 0.516690 0.614522 0.619916 0.620159
0.566185 0.646339 0.649215 0.615760 0.704585 0.619056 0.531412 0.693725 0.632058 0.698912 0.629048 0.704295 0.514634 0.518619 0.589764 0.611464 0.604327 0.583356 0.642100 0.609809 0.519664 0.609968 0.671195 0.629032 0.548716 0.617787 0.561388 0.627258 0.515646 0.595874 0.533830 0.570962 0.639887 0.545087 0.610587 0.646472 0.635652 0.612527 0.684648 0.627820 0.527250 0.675924 0.714155 0.685820 0.615696 0.690785 0.518271 0.511434 0.568875 0.618046 0.510319 0.509686 0.517238 0.511249 0.622557 0.611894 0.615442 0.790146 0.768617 0.546191 0.538688 0.537401 0.532013 0.516944 0.515161 0.604461 0.609345 0.609649
0.568395 0.651141 0.653854 0.619558 0.710598 0.622514 0.532478 0.699619 0.635946 0.704833 0.633130 0.710350 0.515118 0.519233 0.592671 0.615027 0.607712 0.586091 0.646685 0.613346 0.520376 0.613428 0.676414 0.633196 0.550419 0.621505 0.563477 0.631274 0.516173 0.598907 0.534989 0.573345 0.644441 0.546622 0.614313 0.651083 0.639911 0.616139 0.690079 0.631844 0.528212 0.681566 0.720327 0.691372 0.619316 0.696522 0.518910 0.511836 0.571256 0.621762 0.510717 0.510010 0.517794 0.511636 0.626522 0.615442 0.619420 0.797607 0.775766 0.547811 0.539971 0.538652 0.533095 0.517563 0.515677 0.607844 0.613051 0.613267
0.684969 0.853073 0.857477 0.798181 0.926401 0.804128 0.590702 0.915596 0.828588 0.920855 0.823106 0.926132 0.542595 0.554102 0.742149 0.789432 0.774530 0.727275 0.846162 0.786076 0.557180 0.786278 0.888839 0.823375 0.638818 0.802015 0.672589 0.820059 0.545461 0.755963 0.597469 0.696852 0.842456 0.628852 0.787831 0.853188 0.835033 0.791556 0.905370 0.820986 0.578880 0.895147 0.935022 0.906737 0.797895 0.912351 0.553053 0.533343 0.691797 0.802434 0.530094 0.528213 0.549990 0.532747 0.811350 0.790146 0.797607 0.979484 0.970657 0.632026 0.611125 0.607436 0.592306 0.549290 0.544131 0.774838 0.785258 0.785684
0.668826 0.830866 0.835373 0.776349 0.908282 0.782329 0.582264 0.896390 0.806374 0.902150 0.800950 0.907975 0.538559 0.548997 0.722563 0.767864 0.753459 0.708447 0.823868 0.764597 0.551771 0.764816 0.867852 0.801134 0.626224 0.780129 0.657350 0.797875 0.541181 0.735703 0.588432 0.679984 0.820154 0.617096 0.766248 0.831001 0.812781 0.769933 0.885414 0.798811 0.571499 0.874416 0.917920 0.886861 0.776128 0.892890 0.548055 0.530166 0.675170 0.780584 0.527230 0.525540 0.545310 0.529650 0.789260 0.768617 0.775766 0.970657 0.959588 0.619964 0.600885 0.597542 0.583744 0.544632 0.539951 0.753745 0.763753 0.764257
0.527130 0.561200 0.562408 0.547929 0.587578 0.549122 0.512831 0.582602 0.554806 0.584892 0.553427 0.587398 0.505980 0.507603 0.536845 0.546068 0.542990 0.534224 0.559318 0.545393 0.508045 0.545379 0.572159 0.553632 0.519932 0.548714 0.525170 0.552829 0.506372 0.539346 0.513782 0.529039 0.558386 0.518424 0.545736 0.561220 0.556474 0.546474 0.578289 0.552993 0.511129 0.574453 0.591991 0.578847 0.547884 0.581173 0.507441 0.504676 0.528221 0.548796 0.504225 0.503964 0.507004 0.504586 0.550846 0.546191 0.547811 0.632026 0.619964 0.518952 0.515816 0.515232 0.513047 0.506927 0.506199 0.543094 0.545213 0.545313
0.522692 0.551195 0.552302 0.540096 0.573492 0.541235 0.510717 0.569217 0.545983 0.571263 0.544805 0.573351 0.505003 0.506362 0.530852 0.538571 0.536003 0.528653 0.549655 0.537997 0.506716 0.538041 0.560513 0.544887 0.516649 0.540824 0.521030 0.544236 0.505331 0.532985 0.511535 0.524284 0.548846 0.515404 0.538244 0.551282 0.547285 0.538925 0.565652 0.544419 0.509297 0.562327 0.577265 0.566138 0.540089 0.568076 0.506231 0.503909 0.523615 0.540881 0.503524 0.503315 0.505869 0.503834 0.542546 0.538688 0.539971 0.611125 0.600885 0.515816 0.513229 0.512754 0.510918 0.505781 0.505181 0.536091 0.537817 0.537896
0.521928 0.549503 0.550533 0.538752 0.571102 0.539888 0.510350 0.566910 0.544449 0.568964 0.543434 0.571039 0.504819 0.506133 0.529865 0.537263 0.534849 0.527696 0.548016 0.536683 0.506478 0.536776 0.558478 0.543356 0.516095 0.539477 0.520304 0.542737 0.505153 0.531987 0.511176 0.523509 0.547185 0.514893 0.536991 0.549554 0.545659 0.537659 0.563450 0.542971 0.508981 0.560247 0.574899 0.563906 0.538686 0.565801 0.506027 0.503771 0.522851 0.539547 0.503396 0.503181 0.505675 0.503705 0.541093 0.537401 0.538652 0.607436 0.597542 0.515232 0.512754 0.512353 0.510557 0.505577 0.504991 0.534867 0.536560 0.536602
0.518737 0.542356 0.543233 0.533153 0.560898 0.534103 0.508853 0.557303 0.537982 0.559040 0.537134 0.560807 0.504123 0.505247 0.525534 0.531880 0.529786 0.523686 0.541055 0.531398 0.505547 0.531449 0.550094 0.537116 0.513764 0.533757 0.517367 0.536569 0.504411 0.527303 0.509547 0.520113 0.540390 0.512731 0.531631 0.542389 0.539097 0.532198 0.554335 0.536756 0.507688 0.551594 0.564113 0.554754 0.533122 0.556361 0.505160 0.503224 0.519534 0.533828 0.502916 0.502732 0.504860 0.503170 0.535173 0.532013 0.533095 0.592306 0.583744 0.513047 0.510918 0.510557 0.509035 0.504782 0.504273 0.529837 0.531281 0.531360
0.509908 0.522463 0.522891 0.517562 0.532311 0.517994 0.504688 0.530421 0.520050 0.531304 0.519629 0.532244 0.502182 0.502776 0.513499 0.516874 0.515749 0.512529 0.521743 0.516629 0.502944 0.516623 0.526562 0.519673 0.507291 0.517850 0.509199 0.519363 0.502334 0.514400 0.505045 0.510647 0.521422 0.506735 0.516756 0.522448 0.520719 0.517029 0.528805 0.519444 0.504077 0.527401 0.533989 0.529046 0.517540 0.529904 0.502732 0.501707 0.510336 0.517893 0.501554 0.501452 0.502570 0.501679 0.518639 0.516944 0.517563 0.549290 0.544632 0.506927 0.505781 0.505577 0.504782 0.502541 0.502264 0.515794 0.516579 0.516635
0.508892 0.520105 0.520541 0.515725 0.528938 0.516154 0.504196 0.527246 0.518037 0.528055 0.517564 0.528881 0.501960 0.502492 0.512082 0.515123 0.514110 0.511226 0.519499 0.514899 0.502632 0.514913 0.523781 0.517612 0.506521 0.516007 0.508240 0.517352 0.502086 0.512918 0.504515 0.509505 0.519178 0.506032 0.514999 0.520139 0.518554 0.515259 0.525817 0.517420 0.503640 0.524515 0.530430 0.526013 0.515719 0.526788 0.502439 0.501532 0.509253 0.516024 0.501381 0.501299 0.502295 0.501501 0.516690 0.515161 0.515677 0.544131 0.539951 0.506199 0.505181 0.504991 0.504273 0.502264 0.502030 0.514149 0.514832 0.514854
