0.640571 0.764577 0.725481 0.616883 0.863900 0.499416 0.532630 0.849686 0.687454 0.749665 0.664809 0.879382 0.551155 0.544341 0.642416 0.809635 0.660889 0.648552 0.537613 0.674233 0.544630 0.621731 0.484722 0.601866 0.394708 0.617077 0.629288 0.708465 0.458929 0.434400 0.496576 0.666816 0.642209 0.569792 0.817497 0.736046 0.771565 0.599127 0.799806 0.351665 0.386785 0.578043 0.444876 0.711878 0.609414 0.731638 0.518623 0.485208 0.656684 0.698752 0.511181 0.413137 0.608605 0.562653 0.619943 0.702017 0.633483 0.731475 0.836133 0.540341 0.574569 0.594163 0.534806 0.557139 0.517455 0.640836 0.663282 0.677365
0.764577 0.799521 0.970704 0.840825 0.985645 0.888350 0.784535 0.866142 0.819758 0.968597 0.958608 0.861449 0.579072 0.466779 0.820891 0.841070 0.861134 0.774192 0.647268 1.097593 0.629702 1.013260 0.865391 0.571940 0.699886 1.001302 0.681008 1.211317 0.722531 0.718977 0.642302 0.763183 0.806208 0.554591 0.732616 1.331011 0.963302 0.876969 0.979742 0.769086 0.610732 0.759026 0.862789 0.973203 0.762282 0.857261 0.592388 0.495553 0.842538 0.824408 0.565921 0.459385 0.614302 0.436695 0.809393 0.874442 0.765496 0.997730 0.923954 0.566533 0.595231 0.670001 0.647409 0.548210 0.543947 0.728054 0.798684 0.911898
0.725481 0.970704 0.843398 0.969512 1.310637 0.997173 0.768198 1.005993 1.001844 1.020009 1.064219 1.137951 0.572586 0.487330 0.879139 0.997376 0.918307 0.853125 0.763871 0.816674 0.629990 0.867683 0.936638 0.605873 0.691826 0.884082 0.707445 0.901932 0.627760 0.717413 0.627574 0.957632 0.810043 0.603022 0.705348 0.907228 1.317877 1.054517 1.253312 0.889447 0.565540 0.915688 0.996260 0.916355 0.912525 1.107023 0.532033 0.466237 0.961691 0.971808 0.558525 0.409804 0.651077 0.490943 0.846777 0.871007 0.824673 1.070014 1.108842 0.583851 0.655630 0.783046 0.678781 0.523995 0.563680 0.846785 0.925991 1.063820
0.616883 0.840825 0.969512 0.783060 0.969331 1.012928 0.743061 0.981538 0.882203 0.930934 0.891635 0.953452 0.585417 0.405872 0.785995 0.812413 0.843602 0.806741 0.737291 0.721194 0.621998 0.817112 0.935167 0.585653 0.821201 0.903436 0.620831 0.841393 0.657223 0.740924 0.647703 0.816203 0.835570 0.568514 0.727744 0.786139 0.931033 1.018128 0.934909 0.978004 0.632475 0.925588 0.954579 0.854985 0.782673 0.977434 0.495729 0.485521 0.819977 0.881779 0.526871 0.432505 0.654007 0.504329 0.794881 0.842463 0.832242 0.925208 0.901761 0.564975 0.605159 0.744588 0.728307 0.484464 0.602298 0.747215 0.826416 0.917283
0.863900 0.985645 1.310637 0.969331 0.847378 0.938591 0.665391 1.172057 1.002124 1.205132 0.981081 1.269010 0.546973 0.433559 0.846359 1.031249 0.869753 0.880364 0.796909 0.876847 0.626458 0.887273 0.909476 0.617300 0.606310 0.907722 0.649563 0.955774 0.515395 0.606407 0.606505 1.017880 0.840468 0.553456 0.766906 0.910715 1.245178 1.037162 1.274701 0.835261 0.465507 1.025294 0.930767 1.108942 0.888039 1.210632 0.489701 0.442974 0.941077 0.998959 0.549012 0.421013 0.652080 0.487764 0.835486 0.892503 0.842708 1.096668 1.165026 0.585644 0.637342 0.713872 0.618104 0.516652 0.587565 0.843525 0.924940 1.054606
0.499416 0.888350 0.997173 1.012928 0.938591 0.872115 0.969487 0.955874 1.088763 0.971626 1.079095 0.937254 0.635648 0.517090 0.839426 0.788000 0.929064 0.708456 1.008738 0.686540 0.677270 1.031308 1.307868 0.757075 1.063506 1.041274 0.813475 0.912530 0.908822 1.113813 0.773124 0.870543 0.879575 0.796010 0.661496 0.821153 0.926052 1.014920 0.884514 1.299067 0.800524 0.974146 1.209860 0.904288 0.874772 0.968888 0.679668 0.553210 0.862090 0.812599 0.569105 0.472240 0.727513 0.489764 0.908633 0.950723 0.884944 1.039144 0.929024 0.579867 0.690301 0.878859 0.879133 0.511166 0.604585 0.763557 0.822972 1.032362
0.532630 0.784535 0.768198 0.743061 0.665391 0.969487 0.733191 0.659715 0.943793 0.576350 0.909589 0.581263 0.575112 0.589523 0.724624 0.648278 0.782326 0.590672 0.784992 0.564412 0.657472 0.847247 0.971112 0.682418 0.859305 0.856200 0.841894 0.787353 0.924213 0.997553 0.722209 0.619895 0.665723 0.750989 0.608796 0.751172 0.681795 0.715708 0.619837 0.896050 0.752233 0.628856 0.951848 0.510545 0.681594 0.555347 0.670528 0.601654 0.690907 0.626034 0.630983 0.462488 0.641764 0.557650 0.754736 0.769336 0.788186 0.730022 0.663058 0.565804 0.625856 0.874528 0.822452 0.567643 0.551828 0.701531 0.733099 0.809563
0.849686 0.866142 1.005993 0.981538 1.172057 0.955874 0.659715 0.821846 0.986874 1.137266 0.898389 1.257746 0.611684 0.387634 0.777512 0.918744 0.856042 0.841177 0.902730 0.752007 0.607300 0.885682 0.955705 0.667811 0.689612 0.887380 0.653414 0.884799 0.487517 0.652571 0.596030 0.889616 0.883600 0.636628 0.801666 0.784341 0.991179 1.000456 1.058854 0.873467 0.541590 1.157061 0.910891 1.043760 0.817494 1.158877 0.484039 0.430999 0.866674 0.945242 0.513674 0.420966 0.674440 0.484172 0.821635 0.920231 0.869693 1.052525 1.135303 0.594662 0.631792 0.686996 0.625768 0.505214 0.551131 0.773777 0.896099 0.992056
0.687454 0.819758 1.001844 0.882203 1.002124 1.088763 0.943793 0.986874 0.852179 0.868636 1.065356 0.960640 0.687852 0.593015 0.773963 0.789593 0.904811 0.638116 0.989347 0.615061 0.714215 0.953448 1.105617 0.875257 0.847766 0.933044 0.912486 0.885865 0.875988 1.050818 0.770775 0.872615 0.727375 0.918476 0.675136 0.755720 0.919392 0.845225 0.881648 0.927578 0.635374 0.752599 1.092617 0.769207 0.852062 0.868368 0.685591 0.618482 0.786211 0.695057 0.557976 0.436340 0.716335 0.570904 0.879542 0.869617 0.840376 0.953743 0.994804 0.604643 0.703122 0.915141 0.896068 0.513342 0.579207 0.842064 0.841448 0.959446
0.749665 0.968597 1.020009 0.930934 1.205132 0.971626 0.576350 1.137266 0.868636 0.814043 0.859617 1.232608 0.501237 0.397983 0.754306 0.879257 0.850472 0.755812 0.790018 1.013317 0.584388 0.962273 0.955297 0.630155 0.635571 1.050876 0.541390 1.048943 0.508356 0.623474 0.599793 1.041182 0.844426 0.532623 0.754507 0.929695 1.006093 0.978980 1.116841 0.913507 0.454850 1.051776 0.897217 1.383167 0.851177 1.259684 0.521277 0.405669 0.847192 0.914786 0.503082 0.489749 0.652319 0.435614 0.767578 0.812079 0.753762 1.055335 1.052343 0.508891 0.574762 0.653095 0.591086 0.477667 0.563382 0.745153 0.790860 0.949297
0.664809 0.958608 1.064219 0.891635 0.981081 1.079095 0.909589 0.898389 1.065356 0.859617 0.854475 0.933367 0.636923 0.588134 0.912795 0.859470 1.024866 0.680639 0.833386 0.781420 0.657915 0.970192 1.072401 0.721515 0.830014 1.019003 0.827906 0.935537 0.796060 1.020393 0.721691 0.829656 0.828386 0.813033 0.787025 0.914356 0.984572 0.937530 0.953472 0.962366 0.730160 0.816128 1.080586 0.780474 0.960532 0.851937 0.686569 0.562527 0.811150 0.818701 0.579765 0.449693 0.709635 0.568200 0.893048 0.903117 0.845090 1.037019 0.928907 0.588757 0.627767 0.828550 0.803886 0.557300 0.572020 0.812162 0.864564 1.007185
0.879382 0.861449 1.137951 0.953452 1.269010 0.937254 0.581263 1.257746 0.960640 1.232608 0.933367 0.827774 0.611015 0.423477 0.793449 0.968374 0.894423 0.827786 0.855587 0.789297 0.584036 0.859403 0.920475 0.655361 0.596472 0.882843 0.628459 0.882223 0.468009 0.617290 0.567592 0.979358 0.891792 0.624938 0.827043 0.786327 1.077617 0.993428 1.142566 0.826445 0.453099 1.066394 0.863914 1.130885 0.836858 1.253955 0.492377 0.398585 0.870266 0.951891 0.518716 0.409501 0.669187 0.503720 0.813830 0.922677 0.858456 1.078289 1.177902 0.592265 0.663499 0.671368 0.588461 0.497922 0.554607 0.826353 0.914341 1.006075
0.551155 0.579072 0.572586 0.585417 0.546973 0.635648 0.575112 0.611684 0.687852 0.501237 0.636923 0.611015 0.588035 0.550416 0.580199 0.572474 0.565740 0.475256 0.640469 0.460062 0.577273 0.580471 0.623772 0.568050 0.575090 0.511872 0.635203 0.551554 0.596186 0.644662 0.523934 0.508366 0.615234 0.698581 0.544026 0.536425 0.543075 0.529491 0.529827 0.609819 0.595556 0.554347 0.618662 0.464654 0.547160 0.533962 0.644248 0.505565 0.603269 0.534232 0.542472 0.444559 0.571156 0.579246 0.590499 0.597980 0.607521 0.625708 0.634795 0.567448 0.542243 0.527659 0.561416 0.538080 0.580500 0.591155 0.596252 0.629986
0.544341 0.466779 0.487330 0.405872 0.433559 0.517090 0.589523 0.387634 0.593015 0.397983 0.588134 0.423477 0.550416 0.515637 0.533740 0.464412 0.433472 0.430295 0.540258 0.430413 0.596607 0.535134 0.494527 0.590770 0.488827 0.427626 0.615619 0.490848 0.600248 0.602706 0.523335 0.444245 0.394921 0.618300 0.404133 0.479693 0.484073 0.382176 0.427617 0.455031 0.488140 0.336541 0.490864 0.415144 0.460376 0.385186 0.549106 0.559132 0.458810 0.365860 0.497838 0.511506 0.495074 0.572684 0.442935 0.502488 0.544775 0.506107 0.494795 0.508407 0.527631 0.580557 0.570415 0.549343 0.539560 0.512817 0.512523 0.487255
0.642416 0.820891 0.879139 0.785995 0.846359 0.839426 0.724624 0.777512 0.773963 0.754306 0.912795 0.793449 0.580199 0.533740 0.716839 0.757990 0.773611 0.705356 0.645789 0.683781 0.627810 0.747992 0.797409 0.510299 0.684909 0.752802 0.613366 0.777724 0.644256 0.676174 0.588082 0.702591 0.685841 0.575862 0.647243 0.793982 0.848260 0.804264 0.834917 0.788934 0.626858 0.730701 0.809188 0.717911 0.778442 0.801564 0.525799 0.574988 0.789830 0.748828 0.529128 0.508130 0.633071 0.541620 0.688536 0.772088 0.719756 0.862455 0.791438 0.563507 0.566258 0.641296 0.646647 0.575969 0.564110 0.682317 0.743421 0.820268
0.809635 0.841070 0.997376 0.812413 1.031249 0.788000 0.648278 0.918744 0.789593 0.879257 0.859470 0.968374 0.572474 0.464412 0.757990 0.737226 0.760089 0.802416 0.637455 0.722853 0.585388 0.740138 0.747904 0.557531 0.588016 0.775100 0.649198 0.806008 0.518897 0.575570 0.587616 0.796153 0.749813 0.545015 0.748266 0.796348 0.953862 0.881289 0.977030 0.692180 0.564270 0.811849 0.769231 0.813312 0.773176 0.894458 0.482006 0.487950 0.776763 0.899111 0.517731 0.454024 0.614317 0.517997 0.752828 0.786414 0.723578 0.896909 0.921618 0.577309 0.609116 0.638151 0.610495 0.482747 0.588302 0.708926 0.790057 0.878115
0.660889 0.861134 0.918307 0.843602 0.869753 0.929064 0.782326 0.856042 0.904811 0.850472 1.024866 0.894423 0.565740 0.433472 0.773611 0.760089 0.805556 0.630241 0.806868 0.806512 0.623918 0.964874 1.004062 0.783498 0.772049 1.090743 0.773062 0.853266 0.691791 0.997492 0.664563 0.842411 0.924661 0.855130 0.899258 0.812499 0.873963 0.883282 0.916849 0.835565 0.620412 0.842522 0.945795 0.803625 0.983003 0.893173 0.670083 0.588911 0.686633 0.841681 0.516263 0.421874 0.728190 0.553686 0.844274 0.843649 0.761412 0.944270 0.901105 0.552209 0.592170 0.803862 0.813066 0.534454 0.519993 0.748464 0.810244 0.896361
0.648552 0.774192 0.853125 0.806741 0.880364 0.708456 0.590672 0.841177 0.638116 0.755812 0.680639 0.827786 0.475256 0.430295 0.705356 0.802416 0.630241 0.658225 0.505726 0.719145 0.549265 0.583830 0.646880 0.425789 0.582047 0.632201 0.505556 0.708001 0.429445 0.404661 0.566004 0.698646 0.719201 0.299392 0.728933 0.727717 0.843039 0.899710 0.901456 0.726835 0.586672 0.841649 0.724190 0.736945 0.679036 0.876911 0.342157 0.484486 0.765607 0.897821 0.546632 0.492320 0.445775 0.467956 0.666681 0.754506 0.761704 0.804048 0.806019 0.524376 0.568475 0.557606 0.571506 0.492381 0.532311 0.706263 0.820484 0.711587
0.537613 0.647268 0.763871 0.737291 0.796909 1.008738 0.784992 0.902730 0.989347 0.790018 0.833386 0.855587 0.640469 0.540258 0.645789 0.637455 0.806868 0.505726 0.768950 0.434231 0.661261 0.888014 1.233236 0.869335 0.850925 0.810952 0.886575 0.693513 0.797592 1.099536 0.703982 0.707092 0.868493 1.094265 0.578581 0.592323 0.737783 0.710957 0.719266 0.973467 0.633319 1.022183 1.059007 0.783914 0.739587 0.868840 0.709740 0.571216 0.668878 0.643605 0.499838 0.451155 0.663350 0.557270 0.808281 0.821655 0.765998 0.942806 0.861203 0.557463 0.604015 0.843645 0.805484 0.507410 0.534431 0.685541 0.750406 0.824494
0.674233 1.097593 0.816674 0.721194 0.876847 0.686540 0.564412 0.752007 0.615061 1.013317 0.781420 0.789297 0.460062 0.430413 0.683781 0.722853 0.806512 0.719145 0.434231 0.693902 0.484906 0.859452 0.667117 0.458066 0.531804 1.002175 0.473137 1.151760 0.521511 0.500368 0.588500 0.850994 0.713416 0.385142 0.697632 1.137914 0.827863 0.795361 0.926829 0.647746 0.509067 0.743694 0.697834 1.030977 0.707263 0.836379 0.571804 0.457084 0.707579 0.758001 0.516149 0.472877 0.616747 0.438541 0.651241 0.642707 0.593242 0.806423 0.746687 0.486554 0.506242 0.543809 0.546234 0.532660 0.517281 0.598828 0.601925 0.740225
0.544630 0.629702 0.629990 0.621998 0.626458 0.677270 0.657472 0.607300 0.714215 0.584388 0.657915 0.584036 0.577273 0.596607 0.627810 0.585388 0.623918 0.549265 0.661261 0.484906 0.624259 0.685644 0.709237 0.679952 0.619403 0.629344 0.667009 0.596984 0.659283 0.718326 0.630319 0.597513 0.595453 0.667223 0.583468 0.602774 0.594965 0.655882 0.612648 0.664549 0.612020 0.572957 0.698665 0.556537 0.632072 0.592422 0.539048 0.643493 0.570049 0.630253 0.488056 0.459886 0.582797 0.532772 0.599065 0.640995 0.648734 0.661582 0.602670 0.531646 0.542681 0.652093 0.661939 0.523119 0.504114 0.647789 0.597347 0.661574
0.621731 1.013260 0.867683 0.817112 0.887273 1.031308 0.847247 0.885682 0.953448 0.962273 0.970192 0.859403 0.580471 0.535134 0.747992 0.740138 0.964874 0.583830 0.888014 0.859452 0.685644 0.827823 1.093832 0.853839 0.844287 1.150098 0.802897 1.055663 0.794338 1.010448 0.793344 0.841820 0.801580 0.881553 0.686138 0.975609 0.871454 0.837859 0.871924 0.921319 0.664016 0.831157 1.000152 0.969025 0.859507 0.848331 0.689957 0.545301 0.738141 0.705266 0.528768 0.507812 0.690474 0.501130 0.811157 0.836161 0.783911 0.978148 0.885099 0.598498 0.605120 0.791342 0.795427 0.511333 0.518166 0.736352 0.778047 0.951696
0.484722 0.865391 0.936638 0.935167 0.909476 1.307868 0.971112 0.955705 1.105617 0.955297 1.072401 0.920475 0.623772 0.494527 0.797409 0.747904 1.004062 0.646880 1.233236 0.667117 0.709237 1.093832 0.885676 0.871274 1.066994 1.100680 0.908321 0.920120 0.923693 1.253212 0.820841 0.851811 0.936420 0.986036 0.697127 0.802684 0.885563 0.964859 0.864935 1.279422 0.777270 1.063492 1.273426 0.947520 0.901202 0.994721 0.720044 0.583254 0.796191 0.813760 0.552325 0.442567 0.717002 0.549493 0.919376 0.973347 0.898983 1.087400 0.918576 0.569475 0.654827 0.945018 0.939999 0.509747 0.562501 0.788763 0.873253 1.011203
0.601866 0.571940 0.605873 0.585653 0.617300 0.757075 0.682418 0.667811 0.875257 0.630155 0.721515 0.655361 0.568050 0.590770 0.510299 0.557531 0.783498 0.425789 0.869335 0.458066 0.679952 0.853839 0.871274 0.681029 0.701942 0.781808 0.838679 0.611107 0.712655 0.975199 0.705245 0.673774 0.630779 0.924206 0.654748 0.527679 0.613142 0.566619 0.577204 0.708025 0.560055 0.637611 0.775016 0.615954 0.739702 0.647466 0.666304 0.660596 0.521120 0.544830 0.515754 0.489966 0.640156 0.586332 0.726665 0.688206 0.716533 0.762568 0.745147 0.552576 0.556360 0.766988 0.783742 0.531890 0.604012 0.649131 0.676305 0.693999
0.394708 0.699886 0.691826 0.821201 0.606310 1.063506 0.859305 0.689612 0.847766 0.635571 0.830014 0.596472 0.575090 0.488827 0.684909 0.588016 0.772049 0.582047 0.850925 0.531804 0.619403 0.844287 1.066994 0.701942 0.720099 0.841030 0.769745 0.748751 0.846514 1.009325 0.746339 0.640728 0.701765 0.736124 0.605058 0.677713 0.643185 0.792575 0.610697 1.096463 0.773839 0.769019 1.019724 0.616266 0.738840 0.643483 0.629674 0.579385 0.651812 0.675304 0.547490 0.502058 0.650586 0.502363 0.732584 0.765107 0.727008 0.763712 0.641572 0.550708 0.604273 0.823705 0.835790 0.475804 0.547616 0.663915 0.677403 0.796386
0.617077 1.001302 0.884082 0.903436 0.907722 1.041274 0.856200 0.887380 0.933044 1.050876 1.019003 0.882843 0.511872 0.427626 0.752802 0.775100 1.090743 0.632201 0.810952 1.002175 0.629344 1.150098 1.100680 0.781808 0.841030 0.838161 0.760033 1.116868 0.764056 1.031359 0.762605 0.918504 0.836229 0.854001 0.799772 0.986733 0.842706 0.912004 0.918784 0.938640 0.682964 0.897952 1.012297 1.033729 0.917537 0.908380 0.728222 0.522166 0.694989 0.775099 0.520842 0.439336 0.733880 0.465706 0.806800 0.796047 0.735524 0.956405 0.828664 0.523353 0.541975 0.785485 0.811351 0.524731 0.542515 0.714709 0.742502 0.955862
0.629288 0.681008 0.707445 0.620831 0.649563 0.813475 0.841894 0.653414 0.912486 0.541390 0.827906 0.628459 0.635203 0.615619 0.613366 0.649198 0.773062 0.505556 0.886575 0.473137 0.667009 0.802897 0.908321 0.838679 0.769745 0.760033 0.713521 0.669891 0.892652 0.998070 0.711295 0.548300 0.663501 0.996158 0.689795 0.638302 0.680740 0.603741 0.608662 0.730311 0.701172 0.639049 0.855789 0.511597 0.709056 0.580660 0.735888 0.597277 0.633585 0.618084 0.547705 0.479036 0.631933 0.559936 0.742340 0.751880 0.766878 0.782972 0.723086 0.559161 0.604565 0.821600 0.833485 0.544510 0.535182 0.670836 0.740787 0.742304
0.708465 1.211317 0.901932 0.841393 0.955774 0.912530 0.787353 0.884799 0.885865 1.048943 0.935537 0.882223 0.551554 0.490848 0.777724 0.806008 0.853266 0.708001 0.693513 1.151760 0.596984 1.055663 0.920120 0.611107 0.748751 1.116868 0.669891 0.800969 0.716908 0.763125 0.700383 0.884624 0.727868 0.642299 0.664327 1.222234 0.897309 0.828576 0.944142 0.818579 0.565437 0.783048 0.878841 1.069376 0.766666 0.868022 0.632831 0.480414 0.761173 0.751948 0.543730 0.457625 0.662204 0.463153 0.784988 0.775894 0.721130 0.942164 0.892804 0.544225 0.564280 0.685247 0.683396 0.551487 0.546378 0.675613 0.697566 0.882896
0.458929 0.722531 0.627760 0.657223 0.515395 0.908822 0.924213 0.487517 0.875988 0.508356 0.796060 0.468009 0.596186 0.600248 0.644256 0.518897 0.691791 0.429445 0.797592 0.521511 0.659283 0.794338 0.923693 0.712655 0.846514 0.764056 0.892652 0.716908 0.683407 1.032222 0.689354 0.526595 0.597795 0.838666 0.487023 0.713481 0.575618 0.597178 0.511052 0.843749 0.770882 0.517676 0.889306 0.477758 0.671783 0.462370 0.782002 0.635871 0.613816 0.519767 0.587907 0.492854 0.659577 0.563134 0.681075 0.686735 0.642152 0.714080 0.587656 0.534187 0.591937 0.825629 0.836037 0.541546 0.555031 0.602723 0.575845 0.738286
0.434400 0.718977 0.717413 0.740924 0.606407 1.113813 0.997553 0.652571 1.050818 0.623474 1.020393 0.617290 0.644662 0.602706 0.676174 0.575570 0.997492 0.404661 1.099536 0.500368 0.718326 1.010448 1.253212 0.975199 1.009325 1.031359 0.998070 0.763125 1.032222 0.793435 0.799481 0.673757 0.804193 1.147263 0.663608 0.683969 0.639725 0.702923 0.592642 1.051508 0.822852 0.735829 1.148426 0.601325 0.854832 0.646954 0.847911 0.653176 0.611598 0.576875 0.546680 0.462799 0.728588 0.593311 0.841075 0.830191 0.776813 0.862168 0.694699 0.567811 0.634813 0.932324 0.977421 0.571877 0.554267 0.711239 0.721069 0.867313
0.496576 0.642302 0.627574 0.647703 0.606505 0.773124 0.722209 0.596030 0.770775 0.599793 0.721691 0.567592 0.523934 0.523335 0.588082 0.587616 0.664563 0.566004 0.703982 0.588500 0.630319 0.793344 0.820841 0.705245 0.746339 0.762605 0.711295 0.700383 0.689354 0.799481 0.650274 0.637601 0.606263 0.693646 0.554467 0.618627 0.596156 0.580980 0.584959 0.765623 0.607112 0.594509 0.796807 0.610562 0.650145 0.579707 0.593039 0.568871 0.612246 0.553904 0.507162 0.535282 0.618473 0.558055 0.637133 0.667635 0.625315 0.661198 0.609018 0.534709 0.527184 0.670713 0.760671 0.512810 0.514178 0.603110 0.628456 0.659061
0.666816 0.763183 0.957632 0.816203 1.017880 0.870543 0.619895 0.889616 0.872615 1.041182 0.829656 0.979358 0.508366 0.444245 0.702591 0.796153 0.842411 0.698646 0.707092 0.850994 0.597513 0.841820 0.851811 0.673774 0.640728 0.918504 0.548300 0.884624 0.526595 0.673757 0.637601 0.749939 0.723049 0.593818 0.655398 0.737469 0.938069 0.886208 0.981164 0.814437 0.521512 0.831784 0.863479 0.986176 0.844256 0.999959 0.525501 0.508065 0.758442 0.799505 0.502050 0.480490 0.646514 0.498194 0.756878 0.712919 0.685792 0.877923 0.879550 0.472375 0.591037 0.649982 0.643841 0.489770 0.568964 0.686040 0.680643 0.853177
0.642209 0.806208 0.810043 0.835570 0.840468 0.879575 0.665723 0.883600 0.727375 0.844426 0.828386 0.891792 0.615234 0.394921 0.685841 0.749813 0.924661 0.719201 0.868493 0.713416 0.595453 0.801580 0.936420 0.630779 0.701765 0.836229 0.663501 0.727868 0.597795 0.804193 0.606263 0.723049 0.746253 0.727413 0.920226 0.748984 0.812964 0.871839 0.863131 0.896862 0.641798 1.002689 0.925836 0.811154 0.800386 0.938551 0.617702 0.553348 0.769931 0.902802 0.548597 0.495930 0.601142 0.544787 0.822385 0.842339 0.776941 0.916874 0.832495 0.522581 0.584444 0.654321 0.652189 0.503483 0.524314 0.711215 0.808021 0.827792
0.569792 0.554591 0.603022 0.568514 0.553456 0.796010 0.750989 0.636628 0.918476 0.532623 0.813033 0.624938 0.698581 0.618300 0.575862 0.545015 0.855130 0.299392 1.094265 0.385142 0.667223 0.881553 0.986036 0.924206 0.736124 0.854001 0.996158 0.642299 0.838666 1.147263 0.693646 0.593818 0.727413 0.694320 0.605844 0.535846 0.558352 0.501529 0.494773 0.690083 0.638658 0.667463 0.844574 0.503839 0.701011 0.528067 0.880364 0.597092 0.518322 0.419739 0.500442 0.453472 0.719588 0.623181 0.689243 0.677888 0.643674 0.717967 0.669982 0.543877 0.560826 0.761773 0.797459 0.525507 0.495849 0.597651 0.600446 0.727852
0.817497 0.732616 0.705348 0.727744 0.766906 0.661496 0.608796 0.801666 0.675136 0.754507 0.787025 0.827043 0.544026 0.404133 0.647243 0.748266 0.899258 0.728933 0.578581 0.697632 0.583468 0.686138 0.697127 0.654748 0.605058 0.799772 0.689795 0.664327 0.487023 0.663608 0.554467 0.655398 0.920226 0.605844 0.690420 0.673699 0.692256 0.760963 0.776897 0.647929 0.558601 0.803083 0.746005 0.707676 0.792514 0.824699 0.497619 0.580047 0.657131 0.870583 0.487039 0.497662 0.599990 0.531949 0.757450 0.809092 0.782689 0.799987 0.777914 0.556334 0.617172 0.674022 0.670360 0.534946 0.551131 0.763671 0.853569 0.735832
0.736046 1.331011 0.907228 0.786139 0.910715 0.821153 0.751172 0.784341 0.755720 0.929695 0.914356 0.786327 0.536425 0.479693 0.793982 0.796348 0.812499 0.727717 0.592323 1.137914 0.602774 0.975609 0.802684 0.527679 0.677713 0.986733 0.638302 1.222234 0.713481 0.683969 0.618627 0.737469 0.748984 0.535846 0.673699 0.761353 0.899346 0.811803 0.931730 0.720200 0.575672 0.691088 0.792603 0.943117 0.746678 0.778860 0.599858 0.499495 0.799207 0.740983 0.560225 0.475840 0.626888 0.444993 0.751638 0.814133 0.731149 0.923975 0.855556 0.529729 0.553180 0.648429 0.613140 0.534886 0.535916 0.674923 0.736639 0.857889
0.771565 0.963302 1.317877 0.931033 1.245178 0.926052 0.681795 0.991179 0.919392 1.006093 0.984572 1.077617 0.543075 0.484073 0.848260 0.953862 0.873963 0.843039 0.737783 0.827863 0.594965 0.871454 0.885563 0.613142 0.643185 0.842706 0.680740 0.897309 0.575618 0.639725 0.596156 0.938069 0.812964 0.558352 0.692256 0.899346 0.814593 1.001928 1.304722 0.807368 0.514404 0.909057 0.903973 0.974908 0.940442 1.123235 0.523470 0.488378 0.948750 0.987828 0.569761 0.424936 0.617717 0.523090 0.821450 0.854122 0.780276 1.061635 1.066643 0.577748 0.633408 0.721688 0.640203 0.507710 0.554197 0.740523 0.873665 0.991944
0.599127 0.876969 1.054517 1.018128 1.037162 1.014920 0.715708 1.000456 0.845225 0.978980 0.937530 0.993428 0.529491 0.382176 0.804264 0.881289 0.883282 0.899710 0.710957 0.795361 0.655882 0.837859 0.964859 0.566619 0.792575 0.912004 0.603741 0.828576 0.597178 0.702923 0.580980 0.886208 0.871839 0.501529 0.760963 0.811803 1.001928 0.794193 1.017951 1.032875 0.661658 1.021188 1.017888 0.914147 0.857791 1.049372 0.482932 0.486687 0.851170 0.966300 0.544039 0.475884 0.605885 0.471113 0.806765 0.857803 0.867871 0.970365 0.930480 0.550439 0.681044 0.728919 0.683671 0.492243 0.547219 0.761718 0.855066 0.954193
0.799806 0.979742 1.253312 0.934909 1.274701 0.884514 0.619837 1.058854 0.881648 1.116841 0.953472 1.142566 0.529827 0.427617 0.834917 0.977030 0.916849 0.901456 0.719266 0.926829 0.612648 0.871924 0.864935 0.577204 0.610697 0.918784 0.608662 0.944142 0.511052 0.592642 0.584959 0.981164 0.863131 0.494773 0.776897 0.931730 1.304722 1.017951 0.819405 0.799464 0.488192 0.999174 0.895837 1.094412 0.935921 1.201180 0.480750 0.469040 0.942291 1.048376 0.530791 0.444586 0.614676 0.491493 0.812917 0.858208 0.795149 1.071793 1.075413 0.563499 0.613936 0.689886 0.619311 0.515162 0.575009 0.784918 0.898801 0.970956
0.351665 0.769086 0.889447 0.978004 0.835261 1.299067 0.896050 0.873467 0.927578 0.913507 0.962366 0.826445 0.609819 0.455031 0.788934 0.692180 0.835565 0.726835 0.973467 0.647746 0.664549 0.921319 1.279422 0.708025 1.096463 0.938640 0.730311 0.818579 0.843749 1.051508 0.765623 0.814437 0.896862 0.690083 0.647929 0.720200 0.807368 1.032875 0.799464 0.813517 0.828335 1.025548 1.207317 0.883590 0.840273 0.933959 0.624308 0.560553 0.801142 0.845608 0.593149 0.524345 0.640176 0.495993 0.853037 0.912979 0.865303 0.976709 0.813133 0.577153 0.643497 0.815200 0.837356 0.522613 0.598347 0.750465 0.822019 0.943330
0.386785 0.610732 0.565540 0.632475 0.465507 0.800524 0.752233 0.541590 0.635374 0.454850 0.730160 0.453099 0.595556 0.488140 0.626858 0.564270 0.620412 0.586672 0.633319 0.509067 0.612020 0.664016 0.777270 0.560055 0.773839 0.682964 0.701172 0.565437 0.770882 0.822852 0.607112 0.521512 0.641798 0.638658 0.558601 0.575672 0.514404 0.661658 0.488192 0.828335 0.612680 0.659833 0.801250 0.424625 0.588775 0.501768 0.647888 0.558615 0.626971 0.595604 0.542160 0.520882 0.523520 0.484867 0.619859 0.668834 0.662001 0.623496 0.475064 0.515604 0.544492 0.640161 0.693369 0.532960 0.551931 0.558421 0.611031 0.624923
0.578043 0.759026 0.915688 0.925588 1.025294 0.974146 0.628856 1.157061 0.752599 1.051776 0.816128 1.066394 0.554347 0.336541 0.730701 0.811849 0.842522 0.841649 1.022183 0.743694 0.572957 0.831157 1.063492 0.637611 0.769019 0.897952 0.639049 0.783048 0.517676 0.735829 0.594509 0.831784 1.002689 0.667463 0.803083 0.691088 0.909057 1.021188 0.999174 1.025548 0.659833 0.779774 1.018587 1.037269 0.849543 1.174743 0.533600 0.470474 0.813426 0.989007 0.529498 0.507914 0.589118 0.448568 0.818614 0.865572 0.836761 1.062310 0.952212 0.542619 0.556396 0.659528 0.626392 0.473262 0.575568 0.724361 0.848883 0.885149
0.444876 0.862789 0.996260 0.954579 0.930767 1.209860 0.951848 0.910891 1.092617 0.897217 1.080586 0.863914 0.618662 0.490864 0.809188 0.769231 0.945795 0.724190 1.059007 0.697834 0.698665 1.000152 1.273426 0.775016 1.019724 1.012297 0.855789 0.878841 0.889306 1.148426 0.796807 0.863479 0.925836 0.844574 0.746005 0.792603 0.903973 1.017888 0.895837 1.207317 0.801250 1.018587 0.860742 0.847880 0.939938 0.973237 0.662836 0.594209 0.817132 0.841845 0.590994 0.476224 0.657888 0.496502 0.925203 0.913999 0.868384 1.050633 0.888187 0.582496 0.658420 0.881805 0.882829 0.515251 0.567259 0.827473 0.895115 0.998922
0.711878 0.973203 0.916355 0.854985 1.108942 0.904288 0.510545 1.043760 0.769207 1.383167 0.780474 1.130885 0.464654 0.415144 0.717911 0.813312 0.803625 0.736945 0.783914 1.030977 0.556537 0.969025 0.947520 0.615954 0.616266 1.033729 0.511597 1.069376 0.477758 0.601325 0.610562 0.986176 0.811154 0.503839 0.707676 0.943117 0.974908 0.914147 1.094412 0.883590 0.424625 1.037269 0.847880 0.777634 0.830607 1.235526 0.529568 0.417920 0.792519 0.893309 0.478672 0.507319 0.624674 0.439567 0.748309 0.754370 0.700229 1.023192 0.964687 0.524257 0.532215 0.600005 0.566597 0.473116 0.562892 0.685451 0.737641 0.865482
0.609414 0.762282 0.912525 0.782673 0.888039 0.874772 0.681594 0.817494 0.852062 0.851177 0.960532 0.836858 0.547160 0.460376 0.778442 0.773176 0.983003 0.679036 0.739587 0.707263 0.632072 0.859507 0.901202 0.739702 0.738840 0.917537 0.709056 0.766666 0.671783 0.854832 0.650145 0.844256 0.800386 0.701011 0.792514 0.746678 0.940442 0.857791 0.935921 0.840273 0.588775 0.849543 0.939938 0.830607 0.762250 0.905457 0.594038 0.589052 0.810403 0.828115 0.556522 0.487708 0.655541 0.525788 0.823545 0.720457 0.733042 0.913809 0.852195 0.576539 0.624919 0.701055 0.733798 0.544243 0.585420 0.684208 0.749851 0.848645
0.731638 0.857261 1.107023 0.977434 1.210632 0.968888 0.555347 1.158877 0.868368 1.259684 0.851937 1.253955 0.533962 0.385186 0.801564 0.894458 0.893173 0.876911 0.868840 0.836379 0.592422 0.848331 0.994721 0.647466 0.643483 0.908380 0.580660 0.868022 0.462370 0.646954 0.579707 0.999959 0.938551 0.528067 0.824699 0.778860 1.123235 1.049372 1.201180 0.933959 0.501768 1.174743 0.973237 1.235526 0.905457 0.818468 0.477102 0.438232 0.904353 1.048858 0.538369 0.469178 0.616956 0.477378 0.819093 0.884129 0.837497 1.113750 1.105346 0.534091 0.621119 0.690528 0.612755 0.495000 0.564869 0.800816 0.935490 1.000927
0.518623 0.592388 0.532033 0.495729 0.489701 0.679668 0.670528 0.484039 0.685591 0.521277 0.686569 0.492377 0.644248 0.549106 0.525799 0.482006 0.670083 0.342157 0.709740 0.571804 0.539048 0.689957 0.720044 0.666304 0.629674 0.728222 0.735888 0.632831 0.782002 0.847911 0.593039 0.525501 0.617702 0.880364 0.497619 0.599858 0.523470 0.482932 0.480750 0.624308 0.647888 0.533600 0.662836 0.529568 0.594038 0.477102 0.602218 0.589690 0.480502 0.475809 0.553261 0.463663 0.621674 0.552257 0.634392 0.521532 0.472488 0.575986 0.509021 0.523558 0.461253 0.614123 0.675586 0.536101 0.466219 0.526705 0.480220 0.578711
0.485208 0.495553 0.466237 0.485521 0.442974 0.553210 0.601654 0.430999 0.618482 0.405669 0.562527 0.398585 0.505565 0.559132 0.574988 0.487950 0.588911 0.484486 0.571216 0.457084 0.643493 0.545301 0.583254 0.660596 0.579385 0.522166 0.597277 0.480414 0.635871 0.653176 0.568871 0.508065 0.553348 0.597092 0.580047 0.499495 0.488378 0.486687 0.469040 0.560553 0.558615 0.470474 0.594209 0.417920 0.589052 0.438232 0.589690 0.545302 0.546760 0.537890 0.517685 0.477797 0.546668 0.624835 0.522884 0.515268 0.507568 0.516140 0.457672 0.558970 0.539314 0.622722 0.645215 0.549791 0.541798 0.492505 0.503851 0.537548
0.656684 0.842538 0.961691 0.819977 0.941077 0.862090 0.690907 0.866674 0.786211 0.847192 0.811150 0.870266 0.603269 0.458810 0.789830 0.776763 0.686633 0.765607 0.668878 0.707579 0.570049 0.738141 0.796191 0.521120 0.651812 0.694989 0.633585 0.761173 0.613816 0.611598 0.612246 0.758442 0.769931 0.518322 0.657131 0.799207 0.948750 0.851170 0.942291 0.801142 0.626971 0.813426 0.817132 0.792519 0.810403 0.904353 0.480502 0.546760 0.725969 0.855681 0.585704 0.498722 0.565418 0.456399 0.742382 0.814054 0.753108 0.828183 0.881464 0.580180 0.663258 0.640627 0.611171 0.499837 0.567072 0.690860 0.785605 0.834223
0.698752 0.824408 0.971808 0.881779 0.998959 0.812599 0.626034 0.945242 0.695057 0.914786 0.818701 0.951891 0.534232 0.365860 0.748828 0.899111 0.841681 0.897821 0.643605 0.758001 0.630253 0.705266 0.813760 0.544830 0.675304 0.775099 0.618084 0.751948 0.519767 0.576875 0.553904 0.799505 0.902802 0.419739 0.870583 0.740983 0.987828 0.966300 1.048376 0.845608 0.595604 0.989007 0.841845 0.893309 0.828115 1.048858 0.475809 0.537890 0.855681 0.745182 0.575085 0.516202 0.606458 0.521308 0.805905 0.836922 0.817752 0.931860 0.911399 0.572767 0.613472 0.649829 0.649398 0.513983 0.536729 0.721697 0.860226 0.869112
0.511181 0.565921 0.558525 0.526871 0.549012 0.569105 0.630983 0.513674 0.557976 0.503082 0.579765 0.518716 0.542472 0.497838 0.529128 0.517731 0.516263 0.546632 0.499838 0.516149 0.488056 0.528768 0.552325 0.515754 0.547490 0.520842 0.547705 0.543730 0.587907 0.546680 0.507162 0.502050 0.548597 0.500442 0.487039 0.560225 0.569761 0.544039 0.530791 0.593149 0.542160 0.529498 0.590994 0.478672 0.556522 0.538369 0.553261 0.517685 0.585704 0.575085 0.551955 0.544867 0.527695 0.496267 0.549235 0.600273 0.578003 0.540519 0.555118 0.507460 0.503845 0.541600 0.511803 0.585717 0.495925 0.514225 0.579901 0.580438
0.413137 0.459385 0.409804 0.432505 0.421013 0.472240 0.462488 0.420966 0.436340 0.489749 0.449693 0.409501 0.444559 0.511506 0.508130 0.454024 0.421874 0.492320 0.451155 0.472877 0.459886 0.507812 0.442567 0.489966 0.502058 0.439336 0.479036 0.457625 0.492854 0.462799 0.535282 0.480490 0.495930 0.453472 0.497662 0.475840 0.424936 0.475884 0.444586 0.524345 0.520882 0.507914 0.476224 0.507319 0.487708 0.469178 0.463663 0.477797 0.498722 0.516202 0.544867 0.478974 0.454597 0.508591 0.473324 0.451768 0.508077 0.453036 0.446056 0.480540 0.510616 0.425468 0.481375 0.566701 0.584762 0.493154 0.491373 0.414798
0.608605 0.614302 0.651077 0.654007 0.652080 0.727513 0.641764 0.674440 0.716335 0.652319 0.709635 0.669187 0.571156 0.495074 0.633071 0.614317 0.728190 0.445775 0.663350 0.616747 0.582797 0.690474 0.717002 0.640156 0.650586 0.733880 0.631933 0.662204 0.659577 0.728588 0.618473 0.646514 0.601142 0.719588 0.599990 0.626888 0.617717 0.605885 0.614676 0.640176 0.523520 0.589118 0.657888 0.624674 0.655541 0.616956 0.621674 0.546668 0.565418 0.606458 0.527695 0.454597 0.640967 0.589132 0.635216 0.661344 0.641987 0.634532 0.661946 0.517211 0.530504 0.648877 0.652005 0.483573 0.502378 0.569694 0.566902 0.708412
0.562653 0.436695 0.490943 0.504329 0.487764 0.489764 0.557650 0.484172 0.570904 0.435614 0.568200 0.503720 0.579246 0.572684 0.541620 0.517997 0.553686 0.467956 0.557270 0.438541 0.532772 0.501130 0.549493 0.586332 0.502363 0.465706 0.559936 0.463153 0.563134 0.593311 0.558055 0.498194 0.544787 0.623181 0.531949 0.444993 0.523090 0.471113 0.491493 0.495993 0.484867 0.448568 0.496502 0.439567 0.525788 0.477378 0.552257 0.624835 0.456399 0.521308 0.496267 0.508591 0.589132 0.535427 0.540920 0.587682 0.581360 0.504385 0.522286 0.544322 0.538988 0.593841 0.639882 0.509797 0.516249 0.498054 0.527711 0.475678
0.619943 0.809393 0.846777 0.794881 0.835486 0.908633 0.754736 0.821635 0.879542 0.767578 0.893048 0.813830 0.590499 0.442935 0.688536 0.752828 0.844274 0.666681 0.808281 0.651241 0.599065 0.811157 0.919376 0.726665 0.732584 0.806800 0.742340 0.784988 0.681075 0.841075 0.637133 0.756878 0.822385 0.689243 0.757450 0.751638 0.821450 0.806765 0.812917 0.853037 0.619859 0.818614 0.925203 0.748309 0.823545 0.819093 0.634392 0.522884 0.742382 0.805905 0.549235 0.473324 0.635216 0.540920 0.756418 0.844573 0.770233 0.934849 0.904071 0.617850 0.629806 0.748623 0.770608 0.541515 0.546863 0.751131 0.817137 0.850980
0.702017 0.874442 0.871007 0.842463 0.892503 0.950723 0.769336 0.920231 0.869617 0.812079 0.903117 0.922677 0.597980 0.502488 0.772088 0.786414 0.843649 0.754506 0.821655 0.642707 0.640995 0.836161 0.973347 0.688206 0.765107 0.796047 0.751880 0.775894 0.686735 0.830191 0.667635 0.712919 0.842339 0.677888 0.809092 0.814133 0.854122 0.857803 0.858208 0.912979 0.668834 0.865572 0.913999 0.754370 0.720457 0.884129 0.521532 0.515268 0.814054 0.836922 0.600273 0.451768 0.661344 0.587682 0.844573 0.782993 0.993467 0.927006 0.916512 0.606704 0.657422 0.765665 0.766631 0.563551 0.538271 0.838596 0.943765 0.882512
0.633483 0.765496 0.824673 0.832242 0.842708 0.884944 0.788186 0.869693 0.840376 0.753762 0.845090 0.858456 0.607521 0.544775 0.719756 0.723578 0.761412 0.761704 0.765998 0.593242 0.648734 0.783911 0.898983 0.716533 0.727008 0.735524 0.766878 0.721130 0.642152 0.776813 0.625315 0.685792 0.776941 0.643674 0.782689 0.731149 0.780276 0.867871 0.795149 0.865303 0.662001 0.836761 0.868384 0.700229 0.733042 0.837497 0.472488 0.507568 0.753108 0.817752 0.578003 0.508077 0.641987 0.581360 0.770233 0.993467 0.750970 0.888041 0.873315 0.570759 0.644442 0.757411 0.796355 0.549056 0.622019 0.841586 0.973370 0.846110
0.731475 0.997730 1.070014 0.925208 1.096668 1.039144 0.730022 1.052525 0.953743 1.055335 1.037019 1.078289 0.625708 0.506107 0.862455 0.896909 0.944270 0.804048 0.942806 0.806423 0.661582 0.978148 1.087400 0.762568 0.763712 0.956405 0.782972 0.942164 0.714080 0.862168 0.661198 0.877923 0.916874 0.717967 0.799987 0.923975 1.061635 0.970365 1.071793 0.976709 0.623496 1.062310 1.050633 1.023192 0.913809 1.113750 0.575986 0.516140 0.828183 0.931860 0.540519 0.453036 0.634532 0.504385 0.934849 0.927006 0.888041 0.859181 1.205838 0.582815 0.623128 0.793436 0.745382 0.529561 0.602500 0.808610 0.925751 1.005234
0.836133 0.923954 1.108842 0.901761 1.165026 0.929024 0.663058 1.135303 0.994804 1.052343 0.928907 1.177902 0.634795 0.494795 0.791438 0.921618 0.901105 0.806019 0.861203 0.746687 0.602670 0.885099 0.918576 0.745147 0.641572 0.828664 0.723086 0.892804 0.587656 0.694699 0.609018 0.879550 0.832495 0.669982 0.777914 0.855556 1.066643 0.930480 1.075413 0.813133 0.475064 0.952212 0.888187 0.964687 0.852195 1.105346 0.509021 0.457672 0.881464 0.911399 0.555118 0.446056 0.661946 0.522286 0.904071 0.916512 0.873315 1.205838 0.827767 0.569878 0.649231 0.758400 0.665776 0.512225 0.626923 0.805341 0.915494 1.016842
0.540341 0.566533 0.583851 0.564975 0.585644 0.579867 0.565804 0.594662 0.604643 0.508891 0.588757 0.592265 0.567448 0.508407 0.563507 0.577309 0.552209 0.524376 0.557463 0.486554 0.531646 0.598498 0.569475 0.552576 0.550708 0.523353 0.559161 0.544225 0.534187 0.567811 0.534709 0.472375 0.522581 0.543877 0.556334 0.529729 0.577748 0.550439 0.563499 0.577153 0.515604 0.542619 0.582496 0.524257 0.576539 0.534091 0.523558 0.558970 0.580180 0.572767 0.507460 0.480540 0.517211 0.544322 0.617850 0.606704 0.570759 0.582815 0.569878 0.564462 0.499977 0.532818 0.558325 0.504719 0.534002 0.553456 0.579891 0.557213
0.574569 0.595231 0.655630 0.605159 0.637342 0.690301 0.625856 0.631792 0.703122 0.574762 0.627767 0.663499 0.542243 0.527631 0.566258 0.609116 0.592170 0.568475 0.604015 0.506242 0.542681 0.605120 0.654827 0.556360 0.604273 0.541975 0.604565 0.564280 0.591937 0.634813 0.527184 0.591037 0.584444 0.560826 0.617172 0.553180 0.633408 0.681044 0.613936 0.643497 0.544492 0.556396 0.658420 0.532215 0.624919 0.621119 0.461253 0.539314 0.663258 0.613472 0.503845 0.510616 0.530504 0.538988 0.629806 0.657422 0.644442 0.623128 0.649231 0.499977 0.606196 0.670514 0.635626 0.546172 0.540594 0.612452 0.672896 0.660293
0.594163 0.670001 0.783046 0.744588 0.713872 0.878859 0.874528 0.686996 0.915141 0.653095 0.828550 0.671368 0.527659 0.580557 0.641296 0.638151 0.803862 0.557606 0.843645 0.543809 0.652093 0.791342 0.945018 0.766988 0.823705 0.785485 0.821600 0.685247 0.825629 0.932324 0.670713 0.649982 0.654321 0.761773 0.674022 0.648429 0.721688 0.728919 0.689886 0.815200 0.640161 0.659528 0.881805 0.600005 0.701055 0.690528 0.614123 0.622722 0.640627 0.649829 0.541600 0.425468 0.648877 0.593841 0.748623 0.765665 0.757411 0.793436 0.758400 0.532818 0.670514 0.724844 0.884368 0.512433 0.517950 0.680159 0.719807 0.783660
0.534806 0.647409 0.678781 0.728307 0.618104 0.879133 0.822452 0.625768 0.896068 0.591086 0.803886 0.588461 0.561416 0.570415 0.646647 0.610495 0.813066 0.571506 0.805484 0.546234 0.661939 0.795427 0.939999 0.783742 0.835790 0.811351 0.833485 0.683396 0.836037 0.977421 0.760671 0.643841 0.652189 0.797459 0.670360 0.613140 0.640203 0.683671 0.619311 0.837356 0.693369 0.626392 0.882829 0.566597 0.733798 0.612755 0.675586 0.645215 0.611171 0.649398 0.511803 0.481375 0.652005 0.639882 0.770608 0.766631 0.796355 0.745382 0.665776 0.558325 0.635626 0.884368 0.712054 0.553806 0.540850 0.677656 0.754046 0.718657
0.557139 0.548210 0.523995 0.484464 0.516652 0.511166 0.567643 0.505214 0.513342 0.477667 0.557300 0.497922 0.538080 0.549343 0.575969 0.482747 0.534454 0.492381 0.507410 0.532660 0.523119 0.511333 0.509747 0.531890 0.475804 0.524731 0.544510 0.551487 0.541546 0.571877 0.512810 0.489770 0.503483 0.525507 0.534946 0.534886 0.507710 0.492243 0.515162 0.522613 0.532960 0.473262 0.515251 0.473116 0.544243 0.495000 0.536101 0.549791 0.499837 0.513983 0.585717 0.566701 0.483573 0.509797 0.541515 0.563551 0.549056 0.529561 0.512225 0.504719 0.546172 0.512433 0.553806 0.535487 0.537684 0.488499 0.563930 0.524267
0.517455 0.543947 0.563680 0.602298 0.587565 0.604585 0.551828 0.551131 0.579207 0.563382 0.572020 0.554607 0.580500 0.539560 0.564110 0.588302 0.519993 0.532311 0.534431 0.517281 0.504114 0.518166 0.562501 0.604012 0.547616 0.542515 0.535182 0.546378 0.555031 0.554267 0.514178 0.568964 0.524314 0.495849 0.551131 0.535916 0.554197 0.547219 0.575009 0.598347 0.551931 0.575568 0.567259 0.562892 0.585420 0.564869 0.466219 0.541798 0.567072 0.536729 0.495925 0.584762 0.502378 0.516249 0.546863 0.538271 0.622019 0.602500 0.626923 0.534002 0.540594 0.517950 0.540850 0.537684 0.562434 0.582004 0.578464 0.561359
