0.529285 0.580616 0.586248 0.551255 0.600840 0.564284 0.511258 0.575335 0.555817 0.615743 0.568868 0.604766 0.505784 0.508688 0.544779 0.559460 0.554845 0.537899 0.559462 0.572620 0.509599 0.562162 0.595330 0.560763 0.525080 0.564762 0.523467 0.582813 0.506979 0.544366 0.519448 0.546152 0.560217 0.519071 0.544666 0.578465 0.576006 0.552217 0.593232 0.577233 0.509496 0.568454 0.589820 0.609648 0.562199 0.604489 0.507633 0.505558 0.535933 0.562266 0.503107 0.502626 0.508369 0.505597 0.542906 0.524304 0.525015 0.612302 0.593088 0.514918 0.514413 0.517849 0.516224 0.505054 0.505992 0.522194 0.524195 0.532048
0.580616 0.711512 0.724370 0.638908 0.756533 0.671898 0.531184 0.698998 0.650671 0.787118 0.683313 0.765002 0.516033 0.524071 0.622042 0.659867 0.648205 0.603781 0.659908 0.692407 0.526608 0.666670 0.744696 0.663181 0.569183 0.673075 0.564779 0.716587 0.519336 0.620950 0.553773 0.625580 0.661821 0.552744 0.621785 0.706444 0.700459 0.641372 0.740016 0.703415 0.526314 0.682369 0.732539 0.774892 0.666690 0.764285 0.521161 0.515413 0.598540 0.666897 0.508618 0.507276 0.523174 0.515515 0.617093 0.567033 0.569035 0.780387 0.739842 0.541296 0.539882 0.549368 0.544889 0.514017 0.516600 0.561308 0.566770 0.588056
0.586248 0.724370 0.738278 0.648275 0.771433 0.683405 0.533382 0.711282 0.660773 0.802444 0.695122 0.779767 0.517199 0.525806 0.630319 0.670465 0.658108 0.610999 0.670476 0.704620 0.528474 0.677743 0.759136 0.673841 0.573971 0.684640 0.569271 0.729627 0.520722 0.629256 0.557558 0.634130 0.672434 0.556421 0.629898 0.719165 0.713152 0.651018 0.754382 0.716174 0.528165 0.693882 0.746412 0.790084 0.677659 0.779192 0.522675 0.516523 0.605327 0.677885 0.509221 0.507812 0.524866 0.516626 0.625171 0.571865 0.573769 0.795288 0.753806 0.544216 0.542769 0.552885 0.548057 0.514998 0.517806 0.565607 0.571453 0.594167
0.551255 0.638908 0.648275 0.589340 0.672172 0.611550 0.519751 0.630149 0.597172 0.695864 0.619290 0.678362 0.510158 0.515252 0.578155 0.603356 0.595410 0.566277 0.603384 0.625627 0.516856 0.607948 0.663304 0.605596 0.543933 0.612313 0.541131 0.642602 0.512255 0.577417 0.534088 0.580473 0.604617 0.533437 0.577936 0.635378 0.631339 0.590967 0.659793 0.633371 0.516679 0.618643 0.654156 0.686223 0.608057 0.678008 0.513413 0.509761 0.562842 0.608065 0.505464 0.504621 0.514689 0.509823 0.574908 0.542632 0.543869 0.690489 0.659611 0.526204 0.525300 0.531298 0.528463 0.508875 0.510529 0.538930 0.542415 0.556141
0.600840 0.756533 0.771433 0.672172 0.806625 0.711563 0.539187 0.742404 0.686237 0.838273 0.724590 0.815040 0.520185 0.530293 0.651704 0.697213 0.683121 0.629523 0.697177 0.735117 0.533439 0.705264 0.793834 0.701053 0.586648 0.712907 0.581163 0.762348 0.524353 0.650368 0.567455 0.656070 0.699371 0.566142 0.651197 0.750881 0.744539 0.675218 0.788754 0.747828 0.533101 0.723308 0.780267 0.825835 0.705407 0.814676 0.526652 0.519385 0.622992 0.705449 0.510849 0.509188 0.529212 0.519521 0.645699 0.584179 0.586466 0.831181 0.788251 0.551908 0.550167 0.561978 0.556407 0.517632 0.520923 0.576864 0.583678 0.610200
0.564284 0.671898 0.683405 0.611550 0.711563 0.639018 0.524793 0.661274 0.621227 0.738890 0.648311 0.718662 0.512765 0.519161 0.597733 0.628840 0.619121 0.583007 0.628810 0.655936 0.521143 0.634535 0.701022 0.631493 0.555089 0.639992 0.551557 0.676266 0.515394 0.596883 0.542801 0.600678 0.630356 0.541949 0.597379 0.667636 0.662872 0.613675 0.696976 0.665325 0.520925 0.647308 0.690230 0.727892 0.634544 0.718295 0.516848 0.512258 0.578704 0.634652 0.506849 0.505804 0.518478 0.512343 0.593760 0.553517 0.554944 0.732473 0.696473 0.532861 0.531775 0.539307 0.535734 0.511140 0.513224 0.548805 0.553185 0.570303
0.511258 0.531184 0.533382 0.519751 0.539187 0.524793 0.504331 0.529138 0.521497 0.545157 0.526576 0.540722 0.502221 0.503340 0.517235 0.522930 0.521111 0.514580 0.522933 0.528064 0.503691 0.523963 0.536998 0.523446 0.509646 0.524978 0.509030 0.532072 0.502684 0.517067 0.507469 0.517776 0.523220 0.507329 0.517201 0.530346 0.529404 0.520105 0.536179 0.529871 0.503653 0.526437 0.534801 0.542703 0.524026 0.540644 0.502931 0.502135 0.513823 0.524029 0.501195 0.501010 0.503217 0.502151 0.516506 0.509339 0.509620 0.543793 0.536131 0.505738 0.505543 0.506857 0.506236 0.501942 0.502305 0.508533 0.509303 0.512343
0.575335 0.698998 0.711282 0.630149 0.742404 0.661274 0.529138 0.687131 0.641199 0.772224 0.672097 0.750528 0.514973 0.522487 0.614216 0.649918 0.638795 0.597078 0.649986 0.680824 0.524864 0.656308 0.730979 0.653092 0.564654 0.662361 0.560559 0.703935 0.518066 0.613158 0.550208 0.617541 0.651745 0.549268 0.614000 0.694198 0.688547 0.632403 0.726452 0.691319 0.524593 0.671297 0.719155 0.760228 0.656478 0.749922 0.519759 0.514397 0.592153 0.656564 0.508056 0.506803 0.521640 0.514490 0.609550 0.562644 0.564538 0.765701 0.726342 0.538606 0.537271 0.546105 0.541930 0.513089 0.515517 0.557307 0.562408 0.582397
0.555817 0.650671 0.660773 0.597172 0.686237 0.621227 0.521497 0.641199 0.605747 0.711368 0.629598 0.692908 0.511075 0.516616 0.585055 0.612332 0.603816 0.572164 0.612393 0.636363 0.518364 0.617361 0.676828 0.614742 0.547825 0.622024 0.544777 0.654569 0.513344 0.584279 0.537149 0.587487 0.613708 0.536430 0.584785 0.646899 0.642466 0.598973 0.672981 0.644684 0.518164 0.628876 0.667033 0.701136 0.617317 0.692425 0.514628 0.510644 0.568412 0.617362 0.505954 0.505035 0.515993 0.510700 0.581552 0.546468 0.547793 0.705660 0.672814 0.528553 0.527558 0.534108 0.531003 0.509671 0.511467 0.542424 0.546209 0.561086
0.615743 0.787118 0.802444 0.695864 0.838273 0.738890 0.545157 0.772224 0.711368 0.869512 0.753043 0.846867 0.523262 0.534903 0.673093 0.723357 0.707967 0.648177 0.723401 0.764342 0.538548 0.732111 0.825418 0.727598 0.599570 0.740335 0.593339 0.793183 0.528051 0.671611 0.577600 0.677911 0.725772 0.576126 0.672639 0.781190 0.774286 0.699149 0.820243 0.777759 0.538140 0.751808 0.811614 0.857318 0.732268 0.846353 0.530687 0.522354 0.640837 0.732356 0.512506 0.510581 0.533620 0.522498 0.666393 0.596679 0.599379 0.862731 0.819879 0.559783 0.557766 0.571329 0.564908 0.520316 0.524106 0.588424 0.596197 0.626342
0.568868 0.683313 0.695122 0.619290 0.724590 0.648311 0.526576 0.672097 0.629598 0.753043 0.658324 0.732198 0.513674 0.520528 0.604632 0.637657 0.627385 0.588860 0.637630 0.666359 0.522678 0.643665 0.713685 0.640529 0.559065 0.649338 0.555268 0.687897 0.516497 0.603669 0.545896 0.607708 0.639316 0.544993 0.604302 0.678765 0.673601 0.621510 0.709354 0.676259 0.522442 0.657372 0.702489 0.741645 0.643658 0.731708 0.518073 0.513135 0.584309 0.643776 0.507351 0.506214 0.519789 0.513228 0.600323 0.557304 0.558953 0.746601 0.709073 0.535226 0.534020 0.542122 0.538319 0.511958 0.514161 0.552313 0.556998 0.575299
0.604766 0.765002 0.779767 0.678362 0.815040 0.718662 0.540722 0.750528 0.692908 0.846867 0.732198 0.824009 0.520975 0.531466 0.657330 0.704037 0.689840 0.634353 0.704128 0.742893 0.534765 0.712339 0.802240 0.708021 0.590008 0.720046 0.584343 0.770752 0.525269 0.656018 0.570116 0.661707 0.706392 0.568773 0.656965 0.759236 0.752295 0.681448 0.797088 0.755701 0.534374 0.731027 0.788772 0.834314 0.712247 0.823219 0.527661 0.520165 0.627654 0.712517 0.511265 0.509520 0.530284 0.520282 0.651185 0.587338 0.589834 0.839924 0.796818 0.553922 0.552097 0.564422 0.558566 0.518315 0.521708 0.579906 0.586955 0.614269
0.505784 0.516033 0.517199 0.510158 0.520185 0.512765 0.502221 0.514973 0.511075 0.523262 0.513674 0.520975 0.501144 0.501717 0.508856 0.511789 0.510861 0.507499 0.511802 0.514434 0.501897 0.512335 0.519064 0.512050 0.504948 0.512850 0.504635 0.516480 0.501378 0.508778 0.503837 0.509116 0.511935 0.503764 0.508830 0.515617 0.515122 0.510346 0.518621 0.515360 0.501876 0.513599 0.517905 0.521980 0.512340 0.520921 0.501508 0.501100 0.507101 0.512341 0.500614 0.500520 0.501651 0.501105 0.508492 0.504811 0.504943 0.522541 0.518591 0.502953 0.502852 0.503526 0.503201 0.500997 0.501186 0.504392 0.504784 0.506339
0.508688 0.524071 0.525806 0.515252 0.530293 0.519161 0.503340 0.522487 0.516616 0.534903 0.520528 0.531466 0.501717 0.502579 0.513302 0.517705 0.516303 0.511260 0.517715 0.521672 0.502849 0.518515 0.528604 0.518099 0.507438 0.519296 0.506965 0.524751 0.502071 0.513179 0.505764 0.513707 0.517925 0.505655 0.513267 0.523436 0.522710 0.515532 0.527954 0.523068 0.502819 0.520413 0.526879 0.532996 0.518544 0.531404 0.502264 0.501650 0.510667 0.518543 0.500923 0.500781 0.502482 0.501660 0.512748 0.507220 0.507424 0.533829 0.527907 0.504432 0.504282 0.505294 0.504811 0.501498 0.501781 0.506591 0.507183 0.509525
0.544779 0.622042 0.630319 0.578155 0.651704 0.597733 0.517235 0.614216 0.585055 0.673093 0.604632 0.657330 0.508856 0.513302 0.568379 0.590534 0.583562 0.557921 0.590504 0.610202 0.514703 0.594582 0.643739 0.592504 0.538388 0.598437 0.535905 0.625310 0.510695 0.567709 0.529783 0.570437 0.591661 0.529202 0.568175 0.618831 0.615243 0.579619 0.640593 0.617103 0.514554 0.604016 0.635660 0.664443 0.594644 0.657006 0.511714 0.508506 0.554933 0.594690 0.504767 0.504026 0.512826 0.508572 0.565486 0.537207 0.538319 0.668247 0.640448 0.522849 0.522054 0.527321 0.524864 0.507754 0.509177 0.533962 0.537020 0.549026
0.559460 0.659867 0.670465 0.603356 0.697213 0.628840 0.522930 0.649918 0.612332 0.723357 0.637657 0.704037 0.511789 0.517705 0.590534 0.619471 0.610369 0.576815 0.619427 0.644826 0.519558 0.624719 0.687278 0.622006 0.550993 0.629749 0.547710 0.664032 0.514235 0.589670 0.539584 0.593261 0.620905 0.538811 0.590247 0.655811 0.651317 0.605276 0.683390 0.653655 0.519362 0.636828 0.677109 0.712847 0.624832 0.703712 0.515583 0.511321 0.572861 0.624872 0.506341 0.505362 0.517076 0.511408 0.586762 0.549459 0.550886 0.717400 0.683110 0.530391 0.529351 0.536329 0.533061 0.510312 0.512219 0.545136 0.549191 0.565090
0.554845 0.648205 0.658108 0.595410 0.683121 0.619121 0.521111 0.638795 0.603816 0.707967 0.627385 0.689840 0.510861 0.516303 0.583562 0.610369 0.602071 0.570845 0.610362 0.634004 0.518010 0.615318 0.673747 0.612705 0.546988 0.619983 0.543956 0.651988 0.513094 0.582820 0.536499 0.586043 0.611756 0.535775 0.583316 0.644389 0.639973 0.597231 0.670083 0.642201 0.517813 0.626576 0.664306 0.697926 0.615219 0.689283 0.514344 0.510435 0.567197 0.615408 0.505831 0.504927 0.515709 0.510505 0.580114 0.545567 0.546880 0.702263 0.669830 0.527976 0.527028 0.533493 0.530442 0.509492 0.511238 0.541603 0.545341 0.559924
0.537899 0.603781 0.610999 0.566277 0.629523 0.583007 0.514580 0.597078 0.572164 0.648177 0.588860 0.634353 0.507499 0.511260 0.557921 0.576815 0.570845 0.549064 0.576821 0.593655 0.512442 0.580285 0.622609 0.578493 0.532471 0.583587 0.530387 0.606604 0.509048 0.557369 0.525188 0.559655 0.577761 0.524700 0.557741 0.601071 0.598006 0.567515 0.619879 0.599567 0.512313 0.588341 0.615531 0.640564 0.580346 0.634088 0.509908 0.507204 0.546507 0.580358 0.504033 0.503411 0.510849 0.507252 0.555493 0.531513 0.532421 0.643891 0.619717 0.519347 0.518680 0.523120 0.521027 0.506553 0.507772 0.528758 0.531342 0.541519
0.559462 0.659908 0.670476 0.603384 0.697177 0.628810 0.522933 0.649986 0.612393 0.723401 0.637630 0.704128 0.511802 0.517715 0.590504 0.619427 0.610362 0.576821 0.619504 0.644836 0.519578 0.624700 0.687300 0.621991 0.550965 0.629665 0.547738 0.664051 0.514226 0.589682 0.539566 0.593135 0.620881 0.538816 0.590269 0.655950 0.651294 0.605241 0.683360 0.653582 0.519364 0.636919 0.677038 0.712718 0.624776 0.703648 0.515571 0.511346 0.572845 0.624809 0.506344 0.505366 0.517046 0.511408 0.586798 0.549478 0.550900 0.717481 0.683174 0.530433 0.529386 0.536342 0.533030 0.510301 0.512229 0.545205 0.549235 0.565092
0.572620 0.692407 0.704620 0.625627 0.735117 0.655936 0.528064 0.680824 0.636363 0.764342 0.666359 0.742893 0.514434 0.521672 0.610202 0.644826 0.634004 0.593655 0.644836 0.674811 0.523946 0.651063 0.723875 0.647857 0.562305 0.656993 0.558334 0.697226 0.517417 0.609184 0.548395 0.613446 0.646551 0.547466 0.609900 0.687728 0.682384 0.627885 0.719437 0.685089 0.523695 0.665453 0.712236 0.752613 0.651189 0.742433 0.519060 0.513868 0.588867 0.651248 0.507762 0.506563 0.520880 0.513964 0.605690 0.560438 0.562186 0.757788 0.719173 0.537196 0.535923 0.544437 0.540423 0.512616 0.514959 0.555209 0.560139 0.579449
0.509599 0.526608 0.528474 0.516856 0.533439 0.521143 0.503691 0.524864 0.518364 0.538548 0.522678 0.534765 0.501897 0.502849 0.514703 0.519558 0.518010 0.512442 0.519578 0.523946 0.503152 0.520446 0.531599 0.520007 0.508223 0.521284 0.507703 0.527364 0.502288 0.514557 0.506370 0.515134 0.519806 0.506253 0.514673 0.525908 0.525083 0.517151 0.530857 0.525482 0.503118 0.522582 0.529691 0.536427 0.520485 0.534681 0.502504 0.501824 0.511791 0.520471 0.501022 0.500863 0.502739 0.501834 0.514082 0.507976 0.508219 0.537408 0.530857 0.504904 0.504730 0.505849 0.505318 0.501657 0.501968 0.507291 0.507943 0.510532
0.562162 0.666670 0.677743 0.607948 0.705264 0.634535 0.523963 0.656308 0.617361 0.732111 0.643665 0.712339 0.512335 0.518515 0.594582 0.624719 0.615318 0.580285 0.624700 0.651063 0.520446 0.630241 0.695018 0.627327 0.553281 0.635471 0.549857 0.670916 0.514877 0.593728 0.541394 0.597386 0.626218 0.540574 0.594258 0.662492 0.657768 0.609990 0.690987 0.660198 0.520233 0.642751 0.684514 0.721301 0.630222 0.711912 0.516295 0.511847 0.576137 0.630324 0.506626 0.505607 0.517850 0.511928 0.590694 0.551732 0.553174 0.725919 0.690639 0.531773 0.530697 0.537998 0.534555 0.510777 0.512775 0.547199 0.551432 0.567986
0.595330 0.744696 0.759136 0.663304 0.793834 0.701022 0.536998 0.730979 0.676828 0.825418 0.713685 0.802240 0.519064 0.528604 0.643739 0.687278 0.673747 0.622609 0.687300 0.723875 0.531599 0.695018 0.781302 0.691023 0.581897 0.702259 0.576722 0.750382 0.522994 0.642425 0.563732 0.647786 0.689363 0.562507 0.643266 0.739227 0.732990 0.666169 0.776156 0.736203 0.531276 0.712566 0.767879 0.812916 0.695146 0.801843 0.525188 0.518313 0.616393 0.695104 0.510259 0.508681 0.527563 0.518428 0.637981 0.579588 0.581815 0.818434 0.775844 0.549075 0.547380 0.558547 0.553288 0.516659 0.519760 0.572688 0.579120 0.604267
0.560763 0.663181 0.673841 0.605596 0.701053 0.631493 0.523446 0.653092 0.614742 0.727598 0.640529 0.708021 0.512050 0.518099 0.592504 0.622006 0.612705 0.578493 0.621991 0.647857 0.520007 0.627327 0.691023 0.624629 0.552130 0.632397 0.548788 0.667445 0.514553 0.591595 0.540457 0.595251 0.623478 0.539682 0.592242 0.659068 0.654454 0.607503 0.687024 0.656832 0.519805 0.639778 0.680666 0.716908 0.627494 0.707676 0.515933 0.511576 0.574464 0.627486 0.506489 0.505483 0.517445 0.511662 0.588633 0.550546 0.552052 0.721671 0.686863 0.531088 0.530004 0.537130 0.533798 0.510546 0.512494 0.546159 0.550294 0.566551
0.525080 0.569183 0.573971 0.543933 0.586648 0.555089 0.509646 0.564654 0.547825 0.599570 0.559065 0.590008 0.504948 0.507438 0.538388 0.550993 0.546988 0.532471 0.550965 0.562305 0.508223 0.553281 0.581897 0.552130 0.521503 0.555505 0.520108 0.571116 0.505982 0.537996 0.516661 0.539582 0.551639 0.516339 0.538291 0.567300 0.565234 0.544746 0.580069 0.566307 0.508142 0.558730 0.577145 0.594324 0.553379 0.589843 0.506545 0.504752 0.530798 0.553395 0.502665 0.502250 0.507174 0.504794 0.536739 0.520809 0.521452 0.596650 0.579995 0.512778 0.512334 0.515279 0.513911 0.504336 0.505131 0.519000 0.520719 0.527483
0.564762 0.673075 0.684640 0.612313 0.712907 0.639992 0.524978 0.662361 0.622024 0.740335 0.649338 0.720046 0.512850 0.519296 0.598437 0.629749 0.619983 0.583587 0.629665 0.656993 0.521284 0.635471 0.702259 0.632397 0.555505 0.641018 0.551921 0.677455 0.515505 0.597584 0.543121 0.601471 0.631281 0.542252 0.598081 0.668732 0.663967 0.614483 0.698272 0.666453 0.521068 0.648264 0.691515 0.729357 0.635481 0.719689 0.516963 0.512336 0.579274 0.635649 0.506892 0.505839 0.518623 0.512434 0.594426 0.553874 0.555311 0.733852 0.697696 0.533066 0.531990 0.539591 0.535999 0.511221 0.513311 0.549120 0.553546 0.570786
0.523467 0.564779 0.569271 0.541131 0.581163 0.551557 0.509030 0.560559 0.544777 0.593339 0.555268 0.584343 0.504635 0.506965 0.535905 0.547710 0.543956 0.530387 0.547738 0.558334 0.507703 0.549857 0.576722 0.548788 0.520108 0.551921 0.518829 0.566596 0.505596 0.535555 0.515576 0.536990 0.548317 0.515288 0.535838 0.563066 0.561080 0.541859 0.574994 0.562050 0.507620 0.555010 0.572198 0.588321 0.549960 0.584142 0.506117 0.504457 0.528809 0.549957 0.502495 0.502108 0.506702 0.504486 0.534392 0.519480 0.520074 0.590605 0.574954 0.511976 0.511560 0.514300 0.513002 0.504051 0.504808 0.517808 0.519405 0.525727
0.582813 0.716587 0.729627 0.642602 0.762348 0.676266 0.532072 0.703935 0.654569 0.793183 0.687897 0.770752 0.516480 0.524751 0.625310 0.664032 0.651988 0.606604 0.664051 0.697226 0.527364 0.670916 0.750382 0.667445 0.571116 0.677455 0.566596 0.721837 0.519895 0.624136 0.555253 0.628963 0.665993 0.554209 0.625045 0.711441 0.705488 0.645076 0.745636 0.708469 0.527075 0.686988 0.737979 0.780892 0.671108 0.770186 0.521763 0.515840 0.601231 0.671198 0.508870 0.507490 0.523838 0.515953 0.620194 0.568896 0.570977 0.786462 0.745489 0.542473 0.541006 0.550729 0.546161 0.514418 0.517080 0.563010 0.568620 0.590551
0.506979 0.519336 0.520722 0.512255 0.524353 0.515394 0.502684 0.518066 0.513344 0.528051 0.516497 0.525269 0.501378 0.502071 0.510695 0.514235 0.513094 0.509048 0.514226 0.517417 0.502288 0.514877 0.522994 0.514553 0.505982 0.515505 0.505596 0.519895 0.501666 0.510583 0.504633 0.511029 0.514407 0.504544 0.510660 0.518813 0.518258 0.512482 0.522469 0.518553 0.502267 0.516401 0.521611 0.526544 0.514918 0.525255 0.501823 0.501323 0.508575 0.514904 0.500742 0.500628 0.501999 0.501334 0.510234 0.505800 0.505971 0.527199 0.522434 0.503560 0.503436 0.504251 0.503872 0.501206 0.501431 0.505289 0.505767 0.507661
0.544366 0.620950 0.629256 0.577417 0.650368 0.596883 0.517067 0.613158 0.584279 0.671611 0.603669 0.656018 0.508778 0.513179 0.567709 0.589670 0.582820 0.557369 0.589682 0.609184 0.514557 0.593728 0.642425 0.591595 0.537996 0.597584 0.535555 0.624136 0.510583 0.567107 0.529492 0.569742 0.590797 0.528914 0.567517 0.617803 0.614164 0.578885 0.639355 0.615981 0.514398 0.603024 0.634417 0.662957 0.593704 0.655584 0.511585 0.508435 0.554393 0.593826 0.504712 0.503985 0.512694 0.508490 0.564912 0.536856 0.537906 0.666693 0.639122 0.522623 0.521860 0.527072 0.524600 0.507666 0.509088 0.533648 0.536673 0.548516
0.519448 0.553773 0.557558 0.534088 0.567455 0.542801 0.507469 0.550208 0.537149 0.577600 0.545896 0.570116 0.503837 0.505764 0.529783 0.539584 0.536499 0.525188 0.539566 0.548395 0.506370 0.541394 0.563732 0.540457 0.516661 0.543121 0.515576 0.555253 0.504633 0.529492 0.512920 0.530693 0.540090 0.512665 0.529692 0.552304 0.550668 0.534744 0.562279 0.551517 0.506305 0.545606 0.560013 0.573473 0.541405 0.569949 0.505076 0.503685 0.523882 0.541441 0.502064 0.501743 0.505559 0.503714 0.528512 0.516143 0.516626 0.575269 0.562203 0.509901 0.509558 0.511848 0.510780 0.503360 0.503974 0.514730 0.516062 0.521290
0.546152 0.625580 0.634130 0.580473 0.656070 0.600678 0.517776 0.617541 0.587487 0.677911 0.607708 0.661707 0.509116 0.513707 0.570437 0.593261 0.586043 0.559655 0.593135 0.613446 0.515134 0.597386 0.647786 0.595251 0.539582 0.601471 0.536990 0.628963 0.511029 0.569742 0.530693 0.572696 0.594402 0.530080 0.570217 0.622211 0.618671 0.582013 0.644726 0.620579 0.514992 0.606968 0.639607 0.669185 0.597541 0.661509 0.512060 0.508748 0.556600 0.597627 0.504903 0.504144 0.513246 0.508838 0.567442 0.538303 0.539429 0.672857 0.644405 0.523504 0.522718 0.528146 0.525634 0.507990 0.509453 0.534934 0.538108 0.550513
0.560217 0.661821 0.672434 0.604617 0.699371 0.630356 0.523220 0.651745 0.613708 0.725772 0.639316 0.706392 0.511935 0.517925 0.591661 0.620905 0.611756 0.577761 0.620881 0.646551 0.519806 0.626218 0.689363 0.623478 0.551639 0.631281 0.548317 0.665993 0.514407 0.590797 0.540090 0.594402 0.622386 0.539309 0.591402 0.657711 0.653063 0.606549 0.685439 0.655442 0.519601 0.638506 0.679166 0.715147 0.626287 0.705955 0.515772 0.511466 0.573773 0.626378 0.506419 0.505424 0.517278 0.511551 0.587850 0.550058 0.551529 0.719806 0.685213 0.530768 0.529713 0.536790 0.533470 0.510441 0.512366 0.545711 0.549813 0.565878
0.519071 0.552744 0.556421 0.533437 0.566142 0.541949 0.507329 0.549268 0.536430 0.576126 0.544993 0.568773 0.503764 0.505655 0.529202 0.538811 0.535775 0.524700 0.538816 0.547466 0.506253 0.540574 0.562507 0.539682 0.516339 0.542252 0.515288 0.554209 0.504544 0.528914 0.512665 0.530080 0.539309 0.512423 0.529131 0.551323 0.549694 0.534054 0.561072 0.550512 0.506187 0.544753 0.558834 0.572034 0.540612 0.568594 0.504975 0.503618 0.523419 0.540630 0.502026 0.501711 0.505446 0.503643 0.527960 0.515830 0.516314 0.573873 0.561039 0.509721 0.509380 0.511619 0.510569 0.503294 0.503901 0.514460 0.515761 0.520891
0.544666 0.621785 0.629898 0.577936 0.651197 0.597379 0.517201 0.614000 0.584785 0.672639 0.604302 0.656965 0.508830 0.513267 0.568175 0.590247 0.583316 0.557741 0.590269 0.609900 0.514673 0.594258 0.643266 0.592242 0.538291 0.598081 0.535838 0.625045 0.510660 0.567517 0.529692 0.570217 0.591402 0.529131 0.568045 0.618598 0.614895 0.579335 0.640160 0.616726 0.514515 0.603784 0.635246 0.663907 0.594358 0.656525 0.511662 0.508489 0.554779 0.594428 0.504752 0.504010 0.512772 0.508549 0.565309 0.537068 0.538218 0.667877 0.640108 0.522794 0.522000 0.527246 0.524779 0.507726 0.509150 0.533892 0.536934 0.548891
0.578465 0.706444 0.719165 0.635378 0.750881 0.667636 0.530346 0.694198 0.646899 0.781190 0.678765 0.759236 0.515617 0.523436 0.618831 0.655811 0.644389 0.601071 0.655950 0.687728 0.525908 0.662492 0.739227 0.659068 0.567300 0.668732 0.563066 0.711441 0.518813 0.617803 0.552304 0.622211 0.657711 0.551323 0.618598 0.701573 0.695645 0.637739 0.734571 0.698481 0.525610 0.677917 0.727093 0.768945 0.662513 0.758485 0.520583 0.515021 0.595922 0.662665 0.508390 0.507090 0.522533 0.515097 0.614068 0.565287 0.567196 0.774499 0.734417 0.540232 0.538855 0.548054 0.543657 0.513627 0.516171 0.559730 0.565027 0.585748
0.576006 0.700459 0.713152 0.631339 0.744539 0.662872 0.529404 0.688547 0.642466 0.774286 0.673601 0.752295 0.515122 0.522710 0.615243 0.651317 0.639973 0.598006 0.651294 0.682384 0.525083 0.657768 0.732990 0.654454 0.565234 0.663967 0.561080 0.705488 0.518258 0.614164 0.550668 0.618671 0.653063 0.549694 0.614895 0.695645 0.690285 0.633690 0.728465 0.693046 0.524831 0.672633 0.720957 0.762393 0.658002 0.751983 0.519972 0.514525 0.592991 0.657988 0.508135 0.506884 0.521894 0.514631 0.610529 0.563306 0.565100 0.767577 0.728109 0.538967 0.537643 0.546532 0.542348 0.513217 0.515684 0.557800 0.562962 0.583206
0.552217 0.641372 0.651018 0.590967 0.675218 0.613675 0.520105 0.632403 0.598973 0.699149 0.621510 0.681448 0.510346 0.515532 0.579619 0.605276 0.597231 0.567515 0.605241 0.627885 0.517151 0.609990 0.666169 0.607503 0.544746 0.614483 0.541859 0.645076 0.512482 0.578885 0.534744 0.582013 0.606549 0.534054 0.579335 0.637739 0.633690 0.592708 0.662632 0.635795 0.516976 0.620712 0.656947 0.689485 0.609998 0.681112 0.513673 0.509935 0.564012 0.610071 0.505559 0.504704 0.514980 0.510006 0.576312 0.543438 0.544652 0.693589 0.662312 0.526659 0.525755 0.531888 0.529003 0.509042 0.510717 0.539616 0.543180 0.557139
0.593232 0.740016 0.754382 0.659793 0.788754 0.696976 0.536179 0.726452 0.672981 0.820243 0.709354 0.797088 0.518621 0.527954 0.640593 0.683390 0.670083 0.619879 0.683360 0.719437 0.530857 0.690987 0.776156 0.687024 0.580069 0.698272 0.574994 0.745636 0.522469 0.639355 0.562279 0.644726 0.685439 0.561072 0.640160 0.734571 0.728465 0.662632 0.771260 0.731599 0.530542 0.708148 0.762949 0.807791 0.691178 0.796715 0.524572 0.517884 0.613808 0.691243 0.510004 0.508473 0.526953 0.518014 0.634993 0.577738 0.579864 0.813135 0.770746 0.547906 0.546313 0.557222 0.552063 0.516261 0.519304 0.570989 0.577304 0.601916
0.577233 0.703415 0.716174 0.633371 0.747828 0.665325 0.529871 0.691319 0.644684 0.777759 0.676259 0.755701 0.515360 0.523068 0.617103 0.653655 0.642201 0.599567 0.653582 0.685089 0.525482 0.660198 0.736203 0.656832 0.566307 0.666453 0.562050 0.708469 0.518553 0.615981 0.551517 0.620579 0.655442 0.550512 0.616726 0.698481 0.693046 0.635795 0.731599 0.695906 0.525232 0.675238 0.724149 0.765868 0.660370 0.755372 0.520313 0.514749 0.594498 0.660389 0.508268 0.506991 0.522255 0.514867 0.612270 0.564317 0.566176 0.771048 0.731283 0.539578 0.538218 0.547285 0.543056 0.513444 0.515925 0.558709 0.563963 0.584515
0.509496 0.526314 0.528165 0.516679 0.533101 0.520925 0.503653 0.524593 0.518164 0.538140 0.522442 0.534374 0.501876 0.502819 0.514554 0.519362 0.517813 0.512313 0.519364 0.523695 0.503118 0.520233 0.531276 0.519805 0.508142 0.521068 0.507620 0.527075 0.502267 0.514398 0.506305 0.514992 0.519601 0.506187 0.514515 0.525610 0.524831 0.516976 0.530542 0.525232 0.503088 0.522337 0.529389 0.536072 0.520290 0.534334 0.502482 0.501802 0.511671 0.520263 0.501012 0.500855 0.502716 0.501815 0.513926 0.507893 0.508137 0.537015 0.530535 0.504851 0.504677 0.505786 0.505269 0.501642 0.501947 0.507207 0.507855 0.510430
0.568454 0.682369 0.693882 0.618643 0.723308 0.647308 0.526437 0.671297 0.628876 0.751808 0.657372 0.731027 0.513599 0.520413 0.604016 0.636828 0.626576 0.588341 0.636919 0.665453 0.522582 0.642751 0.712566 0.639778 0.558730 0.648264 0.555010 0.686988 0.516401 0.603024 0.545606 0.606968 0.638506 0.544753 0.603784 0.677917 0.672633 0.620712 0.708148 0.675238 0.522337 0.656670 0.701316 0.740274 0.642855 0.730451 0.517963 0.513076 0.583823 0.642868 0.507323 0.506182 0.519638 0.513150 0.599723 0.556961 0.558695 0.745597 0.708144 0.535085 0.533842 0.541872 0.538084 0.511890 0.514090 0.552090 0.556719 0.574930
0.589820 0.732539 0.746412 0.654156 0.780267 0.690230 0.534801 0.719155 0.667033 0.811614 0.702489 0.788772 0.517905 0.526879 0.635660 0.677109 0.664306 0.615531 0.677038 0.712236 0.529691 0.684514 0.767879 0.680666 0.577145 0.691515 0.572198 0.737979 0.521611 0.634417 0.560013 0.639607 0.679166 0.558834 0.635246 0.727093 0.720957 0.656947 0.762949 0.724149 0.529389 0.701316 0.755040 0.799262 0.684549 0.788262 0.523669 0.517195 0.609714 0.684699 0.509629 0.508137 0.525924 0.517328 0.630156 0.574816 0.576977 0.804651 0.762620 0.546081 0.544507 0.555085 0.550142 0.515669 0.518545 0.568333 0.574428 0.598124
0.609648 0.774892 0.790084 0.686223 0.825835 0.727892 0.542703 0.760228 0.701136 0.857318 0.741645 0.834314 0.521980 0.532996 0.664443 0.712847 0.697926 0.640564 0.712718 0.752613 0.536427 0.721301 0.812916 0.716908 0.594324 0.729357 0.588321 0.780892 0.526544 0.662957 0.573473 0.669185 0.715147 0.572034 0.663907 0.768945 0.762393 0.689485 0.807791 0.765868 0.536072 0.740274 0.799262 0.845114 0.721485 0.833976 0.529052 0.521101 0.633584 0.721563 0.511824 0.510003 0.531847 0.521276 0.657924 0.591534 0.594093 0.850377 0.807318 0.556501 0.554596 0.567479 0.561468 0.519233 0.522784 0.583602 0.591016 0.619745
0.562199 0.666690 0.677659 0.608057 0.705407 0.634544 0.524026 0.656478 0.617317 0.732268 0.643658 0.712247 0.512340 0.518544 0.594644 0.624832 0.615219 0.580346 0.624776 0.651189 0.520485 0.630222 0.695146 0.627494 0.553379 0.635481 0.549960 0.671108 0.514918 0.593704 0.541405 0.597541 0.626287 0.540612 0.594358 0.662513 0.658002 0.609998 0.691178 0.660370 0.520290 0.642855 0.684549 0.721485 0.630546 0.712089 0.516311 0.511849 0.576215 0.630471 0.506645 0.505623 0.517890 0.511948 0.590686 0.551760 0.553260 0.726190 0.690878 0.531836 0.530746 0.538011 0.534615 0.510797 0.512810 0.547240 0.551481 0.568182
0.604489 0.764285 0.779192 0.678008 0.814676 0.718295 0.540644 0.749922 0.692425 0.846353 0.731708 0.823219 0.520921 0.531404 0.657006 0.703712 0.689283 0.634088 0.703648 0.742433 0.534681 0.711912 0.801843 0.707676 0.589843 0.719689 0.584142 0.770186 0.525255 0.655584 0.569949 0.661509 0.705955 0.568594 0.656525 0.758485 0.751983 0.681112 0.796715 0.755372 0.534334 0.730451 0.788262 0.833976 0.712089 0.822822 0.527642 0.520091 0.627392 0.712147 0.511255 0.509520 0.530288 0.520244 0.650758 0.587193 0.589656 0.839386 0.796321 0.553810 0.551982 0.564247 0.558502 0.518298 0.521685 0.579660 0.586720 0.614157
0.507633 0.521161 0.522675 0.513413 0.526652 0.516848 0.502931 0.519759 0.514628 0.530687 0.518073 0.527661 0.501508 0.502264 0.511714 0.515583 0.514344 0.509908 0.515571 0.519060 0.502504 0.516295 0.525188 0.515933 0.506545 0.516963 0.506117 0.521763 0.501823 0.511585 0.505076 0.512060 0.515772 0.504975 0.511662 0.520583 0.519972 0.513673 0.524572 0.520313 0.502482 0.517963 0.523669 0.529052 0.516311 0.527642 0.502003 0.501447 0.509389 0.516290 0.500814 0.500688 0.502187 0.501459 0.511200 0.506356 0.506547 0.529771 0.524558 0.503897 0.503754 0.504652 0.504241 0.501323 0.501564 0.505789 0.506312 0.508381
0.505558 0.515413 0.516523 0.509761 0.519385 0.512258 0.502135 0.514397 0.510644 0.522354 0.513135 0.520165 0.501100 0.501650 0.508506 0.511321 0.510435 0.507204 0.511346 0.513868 0.501824 0.511847 0.518313 0.511576 0.504752 0.512336 0.504457 0.515840 0.501323 0.508435 0.503685 0.508748 0.511466 0.503618 0.508489 0.515021 0.514525 0.509935 0.517884 0.514749 0.501802 0.513076 0.517195 0.521101 0.511849 0.520091 0.501447 0.501059 0.506821 0.511852 0.500590 0.500500 0.501583 0.501061 0.508162 0.504622 0.504750 0.521668 0.517868 0.502840 0.502743 0.503389 0.503072 0.500956 0.501140 0.504225 0.504601 0.506089
0.535933 0.598540 0.605327 0.562842 0.622992 0.578704 0.513823 0.592153 0.568412 0.640837 0.584309 0.627654 0.507101 0.510667 0.554933 0.572861 0.567197 0.546507 0.572845 0.588867 0.511791 0.576137 0.616393 0.574464 0.530798 0.579274 0.528809 0.601231 0.508575 0.554393 0.523882 0.556600 0.573773 0.523419 0.554779 0.595922 0.592991 0.564012 0.613808 0.594498 0.511671 0.583823 0.609714 0.633584 0.576215 0.627392 0.509389 0.506821 0.544100 0.576243 0.503822 0.503229 0.510283 0.506873 0.552605 0.529846 0.530740 0.636783 0.613689 0.518327 0.517691 0.521910 0.519937 0.506215 0.507360 0.527247 0.529701 0.539358
0.562266 0.666897 0.677885 0.608065 0.705449 0.634652 0.524029 0.656564 0.617362 0.732356 0.643776 0.712517 0.512341 0.518543 0.594690 0.624872 0.615408 0.580358 0.624809 0.651248 0.520471 0.630324 0.695104 0.627486 0.553395 0.635649 0.549957 0.671198 0.514904 0.593826 0.541441 0.597627 0.626378 0.540630 0.594428 0.662665 0.657988 0.610071 0.691243 0.660389 0.520263 0.642868 0.684699 0.721563 0.630471 0.712147 0.516290 0.511852 0.576243 0.630600 0.506628 0.505608 0.517886 0.511951 0.590787 0.551735 0.553208 0.726161 0.690836 0.531793 0.530740 0.538043 0.534604 0.510788 0.512792 0.547229 0.551483 0.568101
0.503107 0.508618 0.509221 0.505464 0.510849 0.506849 0.501195 0.508056 0.505954 0.512506 0.507351 0.511265 0.500614 0.500923 0.504767 0.506341 0.505831 0.504033 0.506344 0.507762 0.501022 0.506626 0.510259 0.506489 0.502665 0.506892 0.502495 0.508870 0.500742 0.504712 0.502064 0.504903 0.506419 0.502026 0.504752 0.508390 0.508135 0.505559 0.510004 0.508268 0.501012 0.507323 0.509629 0.511824 0.506645 0.511255 0.500814 0.500590 0.503822 0.506628 0.500332 0.500281 0.500888 0.500594 0.504558 0.502587 0.502669 0.512146 0.510015 0.501591 0.501531 0.501894 0.501726 0.500538 0.500638 0.502362 0.502573 0.503418
0.502626 0.507276 0.507812 0.504621 0.509188 0.505804 0.501010 0.506803 0.505035 0.510581 0.506214 0.509520 0.500520 0.500781 0.504026 0.505362 0.504927 0.503411 0.505366 0.506563 0.500863 0.505607 0.508681 0.505483 0.502250 0.505839 0.502108 0.507490 0.500628 0.503985 0.501743 0.504144 0.505424 0.501711 0.504010 0.507090 0.506884 0.504704 0.508473 0.506991 0.500855 0.506182 0.508137 0.510003 0.505623 0.509520 0.500688 0.500500 0.503229 0.505608 0.500281 0.500238 0.500752 0.500502 0.503856 0.502191 0.502251 0.510258 0.508461 0.501345 0.501298 0.501602 0.501458 0.500454 0.500541 0.501997 0.502175 0.502890
0.508369 0.523174 0.524866 0.514689 0.529212 0.518478 0.503217 0.521640 0.515993 0.533620 0.519789 0.530284 0.501651 0.502482 0.512826 0.517076 0.515709 0.510849 0.517046 0.520880 0.502739 0.517850 0.527563 0.517445 0.507174 0.518623 0.506702 0.523838 0.501999 0.512694 0.505559 0.513246 0.517278 0.505446 0.512772 0.522533 0.521894 0.514980 0.526953 0.522255 0.502716 0.519638 0.525924 0.531847 0.517890 0.530288 0.502187 0.501583 0.510283 0.517886 0.500888 0.500752 0.502402 0.501600 0.512272 0.506954 0.507149 0.532567 0.526869 0.504259 0.504116 0.505097 0.504645 0.501447 0.501714 0.506330 0.506907 0.509179
0.505597 0.515515 0.516626 0.509823 0.519521 0.512343 0.502151 0.514490 0.510700 0.522498 0.513228 0.520282 0.501105 0.501660 0.508572 0.511408 0.510505 0.507252 0.511408 0.513964 0.501834 0.511928 0.518428 0.511662 0.504794 0.512434 0.504486 0.515953 0.501334 0.508490 0.503714 0.508838 0.511551 0.503643 0.508549 0.515097 0.514631 0.510006 0.518014 0.514867 0.501815 0.513150 0.517328 0.521276 0.511948 0.520244 0.501459 0.501061 0.506873 0.511951 0.500594 0.500502 0.501600 0.501069 0.508210 0.504647 0.504782 0.521806 0.517982 0.502852 0.502755 0.503409 0.503100 0.500965 0.501146 0.504242 0.504624 0.506134
0.542906 0.617093 0.625171 0.574908 0.645699 0.593760 0.516506 0.609550 0.581552 0.666393 0.600323 0.651185 0.508492 0.512748 0.565486 0.586762 0.580114 0.555493 0.586798 0.605690 0.514082 0.590694 0.637981 0.588633 0.536739 0.594426 0.534392 0.620194 0.510234 0.564912 0.528512 0.567442 0.587850 0.527960 0.565309 0.614068 0.610529 0.576312 0.634993 0.612270 0.513926 0.599723 0.630156 0.657924 0.590686 0.650758 0.511200 0.508162 0.552605 0.590787 0.504558 0.503856 0.512272 0.508210 0.562794 0.535651 0.536659 0.661601 0.634771 0.521889 0.521151 0.526181 0.523783 0.507410 0.508793 0.532555 0.535475 0.546933
0.524304 0.567033 0.571865 0.542632 0.584179 0.553517 0.509339 0.562644 0.546468 0.596679 0.557304 0.587338 0.504811 0.507220 0.537207 0.549459 0.545567 0.531513 0.549478 0.560438 0.507976 0.551732 0.579588 0.550546 0.520809 0.553874 0.519480 0.568896 0.505800 0.536856 0.516143 0.538303 0.550058 0.515830 0.537068 0.565287 0.563306 0.543438 0.577738 0.564317 0.507893 0.556961 0.574816 0.591534 0.551760 0.587193 0.506356 0.504622 0.529846 0.551735 0.502587 0.502191 0.506954 0.504647 0.535651 0.520237 0.520796 0.593759 0.577611 0.512414 0.511984 0.514823 0.513477 0.504199 0.504987 0.518452 0.520106 0.526650
0.525015 0.569035 0.573769 0.543869 0.586466 0.554944 0.509620 0.564538 0.547793 0.599379 0.558953 0.589834 0.504943 0.507424 0.538319 0.550886 0.546880 0.532421 0.550900 0.562186 0.508219 0.553174 0.581815 0.552052 0.521452 0.555311 0.520074 0.570977 0.505971 0.537906 0.516626 0.539429 0.551529 0.516314 0.538218 0.567196 0.565100 0.544652 0.579864 0.566176 0.508137 0.558695 0.576977 0.594093 0.553260 0.589656 0.506547 0.504750 0.530740 0.553208 0.502669 0.502251 0.507149 0.504782 0.536659 0.520796 0.521459 0.596560 0.579921 0.512784 0.512313 0.515248 0.513887 0.504333 0.505126 0.518997 0.520699 0.527452
0.612302 0.780387 0.795288 0.690489 0.831181 0.732473 0.543793 0.765701 0.705660 0.862731 0.746601 0.839924 0.522541 0.533829 0.668247 0.717400 0.702263 0.643891 0.717481 0.757788 0.537408 0.725919 0.818434 0.721671 0.596650 0.733852 0.590605 0.786462 0.527199 0.666693 0.575269 0.672857 0.719806 0.573873 0.667877 0.774499 0.767577 0.693589 0.813135 0.771048 0.537015 0.745597 0.804651 0.850377 0.726190 0.839386 0.529771 0.521668 0.636783 0.726161 0.512146 0.510258 0.532567 0.521806 0.661601 0.593759 0.596560 0.856101 0.813070 0.558021 0.555986 0.569155 0.562970 0.519718 0.523368 0.585823 0.593355 0.622713
0.593088 0.739842 0.753806 0.659611 0.788251 0.696473 0.536131 0.726342 0.672814 0.819879 0.709073 0.796818 0.518591 0.527907 0.640448 0.683110 0.669830 0.619717 0.683174 0.719173 0.530857 0.690639 0.775844 0.686863 0.579995 0.697696 0.574954 0.745489 0.522434 0.639122 0.562203 0.644405 0.685213 0.561039 0.640108 0.734417 0.728109 0.662312 0.770746 0.731283 0.530535 0.708144 0.762620 0.807318 0.690878 0.796321 0.524558 0.517868 0.613689 0.690836 0.510015 0.508461 0.526869 0.517982 0.634771 0.577611 0.579921 0.813070 0.770643 0.547906 0.546225 0.557132 0.552005 0.516259 0.519274 0.570978 0.577254 0.601839
0.514918 0.541296 0.544216 0.526204 0.551908 0.532861 0.505738 0.538606 0.528553 0.559783 0.535226 0.553922 0.502953 0.504432 0.522849 0.530391 0.527976 0.519347 0.530433 0.537196 0.504904 0.531773 0.549075 0.531088 0.512778 0.533066 0.511976 0.542473 0.503560 0.522623 0.509901 0.523504 0.530768 0.509721 0.522794 0.540232 0.538967 0.526659 0.547906 0.539578 0.504851 0.535085 0.546081 0.556501 0.531836 0.553810 0.503897 0.502840 0.518327 0.531793 0.501591 0.501345 0.504259 0.502852 0.521889 0.512414 0.512784 0.558021 0.547906 0.507634 0.507361 0.509095 0.508268 0.502577 0.503063 0.511344 0.512354 0.516382
0.514413 0.539882 0.542769 0.525300 0.550167 0.531775 0.505543 0.537271 0.527558 0.557766 0.534020 0.552097 0.502852 0.504282 0.522054 0.529351 0.527028 0.518680 0.529386 0.535923 0.504730 0.530697 0.547380 0.530004 0.512334 0.531990 0.511560 0.541006 0.503436 0.521860 0.509558 0.522718 0.529713 0.509380 0.522000 0.538855 0.537643 0.525755 0.546313 0.538218 0.504677 0.533842 0.544507 0.554596 0.530746 0.551982 0.503754 0.502743 0.517691 0.530740 0.501531 0.501298 0.504116 0.502755 0.521151 0.511984 0.512313 0.555986 0.546225 0.507361 0.507114 0.508787 0.507977 0.502482 0.502958 0.510945 0.511924 0.515804
0.517849 0.549368 0.552885 0.531298 0.561978 0.539307 0.506857 0.546105 0.534108 0.571329 0.542122 0.564422 0.503526 0.505294 0.527321 0.536329 0.533493 0.523120 0.536342 0.544437 0.505849 0.537998 0.558547 0.537130 0.515279 0.539591 0.514300 0.550729 0.504251 0.527072 0.511848 0.528146 0.536790 0.511619 0.527246 0.548054 0.546532 0.531888 0.557222 0.547285 0.505786 0.541872 0.555085 0.567479 0.538011 0.564247 0.504652 0.503389 0.521910 0.538043 0.501894 0.501602 0.505097 0.503409 0.526181 0.514823 0.515248 0.569155 0.557132 0.509095 0.508787 0.510878 0.509883 0.503078 0.503652 0.513533 0.514750 0.519542
0.516224 0.544889 0.548057 0.528463 0.556407 0.535734 0.506236 0.541930 0.531003 0.564908 0.538319 0.558566 0.503201 0.504811 0.524864 0.533061 0.530442 0.521027 0.533030 0.540423 0.505318 0.534555 0.553288 0.533798 0.513911 0.535999 0.513002 0.546161 0.503872 0.524600 0.510780 0.525634 0.533470 0.510569 0.524779 0.543657 0.542348 0.529003 0.552063 0.543056 0.505269 0.538084 0.550142 0.561468 0.534615 0.558502 0.504241 0.503072 0.519937 0.534604 0.501726 0.501458 0.504645 0.503100 0.523783 0.513477 0.513887 0.562970 0.552005 0.508268 0.507977 0.509883 0.509005 0.502807 0.503320 0.512290 0.513403 0.517793
0.505054 0.514017 0.514998 0.508875 0.517632 0.511140 0.501942 0.513089 0.509671 0.520316 0.511958 0.518315 0.500997 0.501498 0.507754 0.510312 0.509492 0.506553 0.510301 0.512616 0.501657 0.510777 0.516659 0.510546 0.504336 0.511221 0.504051 0.514418 0.501206 0.507666 0.503360 0.507990 0.510441 0.503294 0.507726 0.513627 0.513217 0.509042 0.516261 0.513444 0.501642 0.511890 0.515669 0.519233 0.510797 0.518298 0.501323 0.500956 0.506215 0.510788 0.500538 0.500454 0.501447 0.500965 0.507410 0.504199 0.504333 0.519718 0.516259 0.502577 0.502482 0.503078 0.502807 0.500876 0.501034 0.503829 0.504176 0.505546
0.505992 0.516600 0.517806 0.510529 0.520923 0.513224 0.502305 0.515517 0.511467 0.524106 0.514161 0.521708 0.501186 0.501781 0.509177 0.512219 0.511238 0.507772 0.512229 0.514959 0.501968 0.512775 0.519760 0.512494 0.505131 0.513311 0.504808 0.517080 0.501431 0.509088 0.503974 0.509453 0.512366 0.503901 0.509150 0.516171 0.515684 0.510717 0.519304 0.515925 0.501947 0.514090 0.518545 0.522784 0.512810 0.521685 0.501564 0.501140 0.507360 0.512792 0.500638 0.500541 0.501714 0.501146 0.508793 0.504987 0.505126 0.523368 0.519274 0.503063 0.502958 0.503652 0.503320 0.501034 0.501231 0.504551 0.504958 0.506581
