0.747556 0.842324 0.728221 0.903063 0.865663 0.819495 0.628962 0.988364 0.860739 0.978227 0.810628 0.952693 0.601190 0.570590 0.790844 0.839131 0.746887 0.730410 0.799583 0.805648 0.460542 0.737720 0.776788 0.812669 0.695857 0.820680 0.580506 0.781062 0.499240 0.722303 0.655260 0.701155 0.797833 0.665426 0.803383 0.841485 0.713245 0.766911 0.754054 0.760479 0.543194 0.746866 0.798882 0.881591 0.686529 0.788294 0.517300 0.427458 0.682053 0.742041 0.516926 0.444649 0.531762 0.537604 0.857903 0.615330 0.612508 0.669909 0.822330 0.648015 0.694757 0.592672 0.662987 0.599303 0.601414 0.610746 0.574338 0.734831
0.842324 0.793072 0.885148 0.834747 0.972235 0.907961 0.701428 0.891719 0.893692 0.969726 0.837396 0.921350 0.673389 0.528332 0.965112 0.887373 0.728657 0.746079 0.834218 1.152287 0.426127 0.875711 0.820913 0.686137 0.781581 0.918029 0.588371 1.102819 0.557513 0.757505 0.774174 0.779603 0.708885 0.593805 0.679488 1.325682 0.832775 0.724932 0.869661 0.922907 0.621081 0.746424 0.908941 0.845274 0.740772 0.762741 0.637540 0.476590 0.790333 0.799287 0.550619 0.409275 0.570178 0.625695 0.891762 0.694773 0.651846 0.754126 0.930126 0.705194 0.745306 0.762970 0.836326 0.579518 0.532321 0.629763 0.592631 0.726597
0.728221 0.885148 0.785881 0.793026 1.312247 0.835251 0.732463 0.833623 0.991705 0.994542 1.193313 1.147269 0.877569 0.598850 0.930564 1.014076 0.789305 0.617736 0.638340 0.937299 0.541785 1.048077 0.715696 0.874457 0.689456 0.746992 0.428154 1.021480 0.538502 0.843954 0.863214 0.993840 0.491717 0.386911 0.437892 0.853080 1.357217 0.584864 1.244879 0.831135 0.510842 0.482903 0.844356 0.909908 1.080963 0.799525 0.535250 0.612812 0.796391 0.866765 0.454398 0.439928 0.687045 0.625193 0.773477 0.546595 0.505295 0.375291 0.646722 0.510581 0.619325 0.856867 0.935315 0.616355 0.506085 0.514058 0.561660 0.632037
0.903063 0.834747 0.793026 0.863055 0.869749 1.200852 0.907118 1.161654 1.051573 1.121582 0.909929 1.074005 0.768741 0.438771 1.016946 0.867579 0.716179 0.883891 0.985719 0.910315 0.492534 0.908254 1.081798 0.880892 1.011966 0.969646 0.651997 0.829502 0.733418 0.951498 0.857876 0.849876 0.868516 0.665517 0.773322 0.890545 0.809397 1.085233 0.802992 1.141049 0.799289 0.934305 1.067437 1.027744 0.803552 0.922660 0.684785 0.495060 0.796252 0.930553 0.611224 0.432618 0.503425 0.542658 0.996779 0.743580 0.669395 0.859351 1.062783 0.705862 0.856862 0.811223 0.925170 0.541620 0.661022 0.581545 0.646566 0.865714
0.865663 0.972235 1.312247 0.869749 0.816575 0.904926 0.721834 0.923981 1.019686 1.057940 1.131927 1.181555 0.807324 0.604234 0.954656 1.047469 0.807597 0.685372 0.721724 0.938714 0.545393 1.002452 0.768385 0.875614 0.720824 0.771135 0.482507 0.988307 0.573378 0.809795 0.865158 1.003084 0.604949 0.434814 0.514966 0.920876 1.279219 0.667471 1.243852 0.870183 0.553969 0.602111 0.917650 0.952471 1.024456 0.872238 0.546632 0.589383 0.832666 0.885440 0.489314 0.420701 0.672864 0.649185 0.857368 0.586010 0.541727 0.494098 0.756554 0.558323 0.701148 0.860845 0.899592 0.590592 0.539588 0.528741 0.594984 0.666521
0.819495 0.907961 0.835251 1.200852 0.904926 0.870910 0.920220 1.190178 1.159997 1.094892 0.945273 1.034079 0.903915 0.486368 1.036894 0.822040 0.784753 0.786638 0.970059 0.950308 0.465555 0.942287 1.101243 0.839577 1.090272 0.931243 0.534104 0.880419 0.843803 0.998781 0.940859 0.820162 0.675710 0.514202 0.597898 0.969558 0.806856 0.993319 0.745919 1.311485 0.754666 0.814794 1.051935 0.882809 0.858613 0.729132 0.786959 0.582835 0.840605 0.786697 0.619044 0.447555 0.552722 0.591480 1.041491 0.775715 0.660859 0.833859 1.100978 0.770240 0.840803 0.900729 0.979288 0.523224 0.640057 0.568861 0.609147 0.867584
0.628962 0.701428 0.732463 0.907118 0.721834 0.920220 0.729451 0.921773 0.953343 0.829601 0.804252 0.778733 0.751578 0.472870 0.795514 0.768144 0.564398 0.724367 0.684930 0.784420 0.534996 0.819710 0.756705 0.657404 0.855349 0.786199 0.590598 0.771720 0.802195 0.739904 0.751733 0.738070 0.609694 0.461708 0.537057 0.756533 0.733964 0.805135 0.685781 0.932549 0.838894 0.642480 0.825432 0.734059 0.713940 0.635627 0.604774 0.497931 0.690799 0.731392 0.613679 0.501843 0.496714 0.547263 0.801164 0.672792 0.637428 0.629945 0.842036 0.634201 0.728912 0.809682 0.835680 0.526861 0.578190 0.620924 0.617498 0.731931
0.988364 0.891719 0.833623 1.161654 0.923981 1.190178 0.921773 0.883424 1.177629 1.112181 0.952383 1.128535 0.839037 0.483688 1.003518 0.890523 0.781145 0.822292 1.068940 0.898098 0.480059 0.913434 1.124802 0.935609 0.975841 0.968352 0.659943 0.831280 0.711330 0.995638 0.856868 0.820309 0.841593 0.684083 0.735748 0.912327 0.816098 1.019408 0.836114 1.144411 0.780539 1.026535 1.091099 0.974718 0.835428 0.897560 0.724559 0.472899 0.841360 0.877519 0.594056 0.434390 0.528539 0.573955 1.076761 0.708385 0.658133 0.904935 1.121030 0.742562 0.876325 0.800387 0.895714 0.571921 0.688192 0.597603 0.620380 0.880755
0.860739 0.893692 0.991705 1.051573 1.019686 1.159997 0.953343 1.177629 0.839464 0.945158 0.990817 1.094526 0.946108 0.546265 0.936034 0.804153 0.849584 0.677596 0.857516 0.847747 0.475941 0.935284 0.966582 0.852379 0.939590 0.762894 0.540961 0.847600 0.794784 1.032943 0.931557 0.841768 0.546706 0.502331 0.512951 0.882008 0.946818 0.773444 0.875514 1.069672 0.734910 0.697887 1.048147 0.723566 0.944291 0.657556 0.755658 0.621183 0.814237 0.724339 0.579880 0.461052 0.552710 0.585479 0.959379 0.643338 0.601098 0.673811 0.992687 0.655968 0.746038 0.873586 0.928431 0.561396 0.608750 0.614257 0.609550 0.770631
0.978227 0.969726 0.994542 1.121582 1.057940 1.094892 0.829601 1.112181 0.945158 0.885511 1.006376 1.175268 0.740324 0.512619 1.063328 1.003899 0.730713 0.875943 0.918412 1.103271 0.499733 1.045671 0.966073 0.965167 0.866251 1.058013 0.587344 1.075178 0.604135 0.851807 0.833615 0.947057 0.888824 0.566027 0.765914 1.038390 0.996093 0.943215 0.974631 1.057628 0.656518 0.815126 0.988291 1.245736 0.818292 1.011992 0.525413 0.433255 0.825422 1.001163 0.563861 0.419148 0.583337 0.571196 0.989346 0.770428 0.692401 0.712834 0.961404 0.706755 0.860195 0.845537 0.943892 0.614397 0.619694 0.582746 0.613346 0.892218
0.810628 0.837396 1.193313 0.909929 1.131927 0.945273 0.804252 0.952383 0.990817 1.006376 0.838875 1.121861 0.873902 0.620348 1.060777 0.993504 0.879374 0.728604 0.790857 1.006609 0.543014 1.051724 0.911419 0.920121 0.816241 0.904581 0.512600 1.046515 0.616308 0.966676 0.888197 0.903673 0.630260 0.562984 0.581710 0.895999 1.154694 0.777176 1.079559 0.960332 0.624083 0.674828 0.968355 0.940672 1.094916 0.843030 0.629580 0.607767 0.835346 0.918334 0.508984 0.423343 0.678060 0.637059 0.879154 0.636672 0.549085 0.524175 0.755613 0.594336 0.723840 0.869987 0.956424 0.577628 0.565492 0.522169 0.572789 0.737975
0.952693 0.921350 1.147269 1.074005 1.181555 1.034079 0.778733 1.128535 1.094526 1.175268 1.121861 0.887661 0.818248 0.498795 1.019457 1.033154 0.923857 0.775710 0.997766 0.931126 0.537747 1.002083 1.036752 1.028950 0.844041 0.846238 0.611417 0.955112 0.572828 1.052154 0.868497 0.997528 0.836956 0.650691 0.767253 0.916614 1.115375 0.904860 1.107464 1.019810 0.656012 0.864790 1.105230 1.076087 1.001616 1.115097 0.658682 0.560896 0.845454 0.999001 0.496568 0.365285 0.601360 0.583625 0.984815 0.617890 0.587161 0.744647 0.915465 0.606334 0.775524 0.826281 0.903723 0.604995 0.585941 0.540169 0.600652 0.806622
0.601190 0.673389 0.877569 0.768741 0.807324 0.903915 0.751578 0.839037 0.946108 0.740324 0.873902 0.818248 0.709563 0.579627 0.786993 0.683555 0.775840 0.567312 0.676290 0.735489 0.485038 0.812804 0.796136 0.710907 0.815622 0.708148 0.441528 0.755177 0.712063 0.854368 0.774132 0.637213 0.431219 0.440850 0.445312 0.688040 0.829379 0.613950 0.757700 0.878623 0.661990 0.546859 0.786536 0.631169 0.816863 0.535950 0.754324 0.637579 0.681642 0.658406 0.544697 0.497376 0.589970 0.582387 0.785607 0.575463 0.535956 0.518140 0.760176 0.644695 0.595391 0.757940 0.805420 0.547787 0.546915 0.521381 0.550013 0.677563
0.570590 0.528332 0.598850 0.438771 0.604234 0.486368 0.472870 0.483688 0.546265 0.512619 0.620348 0.498795 0.579627 0.523999 0.487582 0.522645 0.547756 0.412678 0.449907 0.518079 0.574842 0.593226 0.450962 0.544519 0.452620 0.518149 0.418445 0.572155 0.534557 0.548114 0.582563 0.520276 0.408055 0.451689 0.408371 0.504834 0.592497 0.370957 0.559716 0.450167 0.404301 0.356266 0.456804 0.475067 0.602735 0.414694 0.485427 0.588956 0.453197 0.440950 0.486876 0.545680 0.597755 0.571878 0.515755 0.482664 0.466909 0.395496 0.441742 0.467989 0.451711 0.545475 0.541030 0.535448 0.472785 0.521612 0.482755 0.484768
0.790844 0.965112 0.930564 1.016946 0.954656 1.036894 0.795514 1.003518 0.936034 1.063328 1.060777 1.019457 0.786993 0.487582 0.850487 0.957133 0.821129 0.835475 0.922852 1.079199 0.493753 0.967061 0.972430 0.852043 0.887473 0.998083 0.614390 1.032024 0.650423 0.926583 0.842773 0.821024 0.791510 0.632847 0.756173 1.054127 0.899553 0.938061 0.913308 1.075422 0.701379 0.836857 1.030956 1.014534 0.846430 0.897883 0.658091 0.493965 0.869630 0.923861 0.585770 0.434649 0.584911 0.606359 0.977407 0.768932 0.674630 0.739607 0.922380 0.732019 0.828416 0.844972 0.939536 0.557766 0.635440 0.578280 0.621735 0.805775
0.839131 0.887373 1.014076 0.867579 1.047469 0.822040 0.768144 0.890523 0.804153 1.003899 0.993504 1.033154 0.683555 0.522645 0.957133 0.796070 0.682328 0.782523 0.766502 0.943339 0.567880 0.911111 0.782397 0.825132 0.708035 0.881337 0.594696 0.964266 0.569234 0.749177 0.740395 0.882315 0.791883 0.564317 0.714320 0.905511 1.026978 0.843748 1.038778 0.849982 0.666322 0.726996 0.891051 1.045405 0.857776 0.991567 0.529133 0.460539 0.811203 0.988669 0.502494 0.449133 0.610868 0.599894 0.849597 0.676534 0.649954 0.683135 0.787951 0.580648 0.776723 0.794158 0.828572 0.575177 0.587128 0.594078 0.632870 0.756002
0.746887 0.728657 0.789305 0.716179 0.807597 0.784753 0.564398 0.781145 0.849584 0.730713 0.879374 0.923857 0.775840 0.547756 0.821129 0.682328 0.711731 0.634585 0.820522 0.732877 0.493682 0.801621 0.851894 0.808755 0.646316 0.704802 0.540508 0.761415 0.505928 0.977733 0.745375 0.754054 0.604704 0.609402 0.716080 0.767092 0.772421 0.622701 0.776420 0.813092 0.565816 0.648493 0.894638 0.646178 0.968089 0.760492 0.693403 0.637966 0.732266 0.737251 0.479053 0.489863 0.520738 0.509376 0.779426 0.541481 0.533267 0.634941 0.704618 0.582606 0.589873 0.668089 0.672178 0.541469 0.539327 0.533832 0.580841 0.625340
0.730410 0.746079 0.617736 0.883891 0.685372 0.786638 0.724367 0.822292 0.677596 0.875943 0.728604 0.775710 0.567312 0.412678 0.835475 0.782523 0.634585 0.717426 0.777242 0.829691 0.517966 0.739409 0.751854 0.724966 0.762182 0.843926 0.676094 0.774696 0.580025 0.697288 0.667079 0.761179 0.874574 0.649904 0.831923 0.822007 0.632100 0.921282 0.692781 0.817947 0.740111 0.822676 0.883418 0.886509 0.615813 0.866453 0.550566 0.418536 0.676907 0.882048 0.595927 0.463273 0.528513 0.580324 0.787436 0.686338 0.632208 0.767781 0.773485 0.652984 0.751328 0.680760 0.723786 0.520646 0.584364 0.545925 0.654146 0.750297
0.799583 0.834218 0.638340 0.985719 0.721724 0.970059 0.684930 1.068940 0.857516 0.918412 0.790857 0.997766 0.676290 0.449907 0.922852 0.766502 0.820522 0.777242 0.820240 0.872098 0.543196 0.791367 1.267650 0.950163 0.885257 0.896235 0.782734 0.793701 0.617040 1.121345 0.806304 0.719925 1.020899 0.986022 0.949400 0.901586 0.671859 0.994335 0.741205 1.082955 0.722804 1.208203 1.180625 1.001682 0.742216 1.079044 0.816857 0.547579 0.778478 0.884677 0.518345 0.409140 0.496682 0.549919 1.024411 0.634866 0.565048 1.038856 0.956226 0.741815 0.837473 0.682793 0.786548 0.532860 0.646335 0.500658 0.558473 0.790794
0.805648 1.152287 0.937299 0.910315 0.938714 0.950308 0.784420 0.898098 0.847747 1.103271 1.006609 0.931126 0.735489 0.518079 1.079199 0.943339 0.732877 0.829691 0.872098 0.845881 0.457295 1.044758 0.908627 0.818838 0.886703 1.180974 0.589228 1.293130 0.564173 0.855089 0.819038 0.833400 0.823238 0.652928 0.718139 1.294997 0.922789 0.852644 0.907529 1.043668 0.720739 0.829322 0.984293 1.084404 0.781446 0.868690 0.654993 0.431747 0.792887 0.940909 0.556669 0.444808 0.617193 0.630168 0.899387 0.731840 0.683879 0.705405 0.893485 0.679397 0.805080 0.844263 0.951337 0.570356 0.559921 0.597245 0.643085 0.813457
0.460542 0.426127 0.541785 0.492534 0.545393 0.465555 0.534996 0.480059 0.475941 0.499733 0.543014 0.537747 0.485038 0.574842 0.493753 0.567880 0.493682 0.517966 0.543196 0.457295 0.524967 0.582474 0.530812 0.585709 0.440659 0.470762 0.544228 0.461964 0.531061 0.554611 0.575637 0.606333 0.556936 0.530681 0.520204 0.421673 0.588668 0.551915 0.594409 0.502607 0.479212 0.527469 0.550446 0.557586 0.583317 0.598329 0.502288 0.612944 0.510931 0.575270 0.426901 0.480650 0.557644 0.524068 0.463034 0.504990 0.487558 0.481714 0.438453 0.516851 0.505771 0.524800 0.540458 0.481928 0.478095 0.476824 0.544022 0.534922
0.737720 0.875711 1.048077 0.908254 1.002452 0.942287 0.819710 0.913434 0.935284 1.045671 1.051724 1.002083 0.812804 0.593226 0.967061 0.911111 0.801621 0.739409 0.791367 1.044758 0.582474 0.825672 0.875227 0.934510 0.851185 0.954576 0.533711 1.075512 0.648986 0.897656 0.977928 0.925638 0.663952 0.484707 0.629758 0.941461 1.060898 0.770833 0.980961 0.968057 0.661240 0.650726 0.951953 0.995756 0.951878 0.871812 0.591888 0.585936 0.815080 0.944439 0.518267 0.496983 0.627025 0.608689 0.825159 0.627211 0.557150 0.537151 0.774369 0.611167 0.752387 0.831642 0.949526 0.520677 0.570995 0.524795 0.598646 0.776916
0.776788 0.820913 0.715696 1.081798 0.768385 1.101243 0.756705 1.124802 0.966582 0.966073 0.911419 1.036752 0.796136 0.450962 0.972430 0.782397 0.851894 0.751854 1.267650 0.908627 0.530812 0.875227 0.857974 0.981398 0.979190 0.969958 0.795522 0.838959 0.674680 1.238246 0.844693 0.706781 0.954424 1.013913 0.824124 0.887963 0.751518 1.052498 0.747420 1.224468 0.770715 1.220430 1.195336 1.011903 0.835396 1.024647 0.914599 0.567437 0.797877 0.868125 0.549893 0.366764 0.513813 0.549090 1.054998 0.632109 0.560803 1.041461 1.041789 0.758232 0.825778 0.778336 0.863638 0.504673 0.679079 0.491985 0.541883 0.831356
0.812669 0.686137 0.874457 0.880892 0.875614 0.839577 0.657404 0.935609 0.852379 0.965167 0.920121 1.028950 0.710907 0.544519 0.852043 0.825132 0.808755 0.724966 0.950163 0.818838 0.585709 0.934510 0.981398 0.785985 0.767529 0.837842 0.633442 0.796471 0.600675 1.002048 0.762487 0.812402 0.807082 0.710357 0.746336 0.748330 0.907574 0.820641 0.884889 0.885716 0.637977 0.864142 0.980848 0.972456 0.880329 0.995783 0.614731 0.581516 0.738242 0.926494 0.510219 0.450215 0.568217 0.519100 0.877878 0.570232 0.559039 0.719272 0.759793 0.616077 0.713689 0.690333 0.820902 0.567125 0.623236 0.500807 0.574308 0.772987
0.695857 0.781581 0.689456 1.011966 0.720824 1.090272 0.855349 0.975841 0.939590 0.866251 0.816241 0.844041 0.815622 0.452620 0.887473 0.708035 0.646316 0.762182 0.885257 0.886703 0.440659 0.851185 0.979190 0.767529 0.777765 0.861994 0.589708 0.827765 0.795749 0.887797 0.816424 0.686626 0.690980 0.573014 0.621325 0.860088 0.689310 0.953681 0.653663 1.139102 0.783167 0.802432 0.942037 0.813396 0.710071 0.695957 0.752558 0.567446 0.708533 0.754588 0.643924 0.434876 0.503137 0.542540 0.895638 0.684498 0.628350 0.759672 0.920093 0.712240 0.750587 0.785458 0.891450 0.536331 0.607378 0.584872 0.597531 0.788815
0.820680 0.918029 0.746992 0.969646 0.771135 0.931243 0.786199 0.968352 0.762894 1.058013 0.904581 0.846238 0.708148 0.518149 0.998083 0.881337 0.704802 0.843926 0.896235 1.180974 0.470762 0.954576 0.969958 0.837842 0.861994 0.826143 0.638508 1.059244 0.519204 0.837608 0.751318 0.711698 0.894900 0.747027 0.804804 1.075486 0.801935 0.960947 0.818770 0.992004 0.698934 0.950566 0.909615 1.104755 0.737723 0.931635 0.675819 0.377895 0.775813 0.998858 0.587134 0.424255 0.542210 0.546830 0.916159 0.777281 0.692920 0.890140 0.989800 0.738316 0.837665 0.773861 0.836214 0.554265 0.599681 0.610070 0.669097 0.842221
0.580506 0.588371 0.428154 0.651997 0.482507 0.534104 0.590598 0.659943 0.540961 0.587344 0.512600 0.611417 0.441528 0.418445 0.614390 0.594696 0.540508 0.676094 0.782734 0.589228 0.544228 0.533711 0.795522 0.633442 0.589708 0.638508 0.606817 0.555670 0.633161 0.707857 0.489194 0.580098 0.854733 0.960984 0.841685 0.634221 0.495683 0.768851 0.544010 0.656209 0.738538 0.952264 0.812218 0.716902 0.537339 0.796053 0.609000 0.475839 0.577459 0.678104 0.491460 0.483759 0.498647 0.484609 0.677761 0.466140 0.548451 0.840365 0.690541 0.583937 0.617322 0.507738 0.517007 0.440554 0.596536 0.503784 0.579786 0.547781
0.781062 1.102819 1.021480 0.829502 0.988307 0.880419 0.771720 0.831280 0.847600 1.075178 1.046515 0.955112 0.755177 0.572155 1.032024 0.964266 0.761415 0.774696 0.793701 1.293130 0.461964 1.075512 0.838959 0.796471 0.827765 1.059244 0.555670 0.820660 0.538002 0.822809 0.865996 0.854825 0.738146 0.573286 0.632941 1.209308 1.006518 0.754776 0.952829 0.941701 0.638862 0.712603 0.914244 1.041035 0.843100 0.831565 0.590604 0.432902 0.794486 0.939140 0.532445 0.431097 0.624677 0.624387 0.839551 0.676341 0.666582 0.568018 0.769003 0.618157 0.751223 0.844138 0.954260 0.585968 0.526271 0.563197 0.609129 0.770318
0.499240 0.557513 0.538502 0.733418 0.573378 0.843803 0.802195 0.711330 0.794784 0.604135 0.616308 0.572828 0.712063 0.534557 0.650423 0.569234 0.505928 0.580025 0.617040 0.564173 0.531061 0.648986 0.674680 0.600675 0.795749 0.519204 0.633161 0.538002 0.624130 0.689988 0.683079 0.569362 0.462121 0.424100 0.486413 0.592960 0.532774 0.641612 0.464866 0.817618 0.784360 0.502136 0.723997 0.497997 0.654581 0.423654 0.671582 0.663181 0.625505 0.525309 0.600208 0.496617 0.505066 0.569032 0.647285 0.602906 0.574960 0.557028 0.683167 0.611161 0.617440 0.700596 0.702704 0.466073 0.563455 0.529637 0.525110 0.665421
0.722303 0.757505 0.843954 0.951498 0.809795 0.998781 0.739904 0.995638 1.032943 0.851807 0.966676 1.052154 0.854368 0.548114 0.926583 0.749177 0.977733 0.697288 1.121345 0.855089 0.554611 0.897656 1.238246 1.002048 0.887797 0.837608 0.707857 0.822809 0.689988 0.825418 0.872264 0.730860 0.786750 0.859402 0.746838 0.817377 0.835421 0.877237 0.810593 1.070750 0.729496 0.984139 1.154287 0.839022 0.975208 0.916160 0.905237 0.675252 0.781060 0.861848 0.521072 0.390614 0.536170 0.535893 0.952333 0.555784 0.522329 0.852107 0.871514 0.672251 0.722961 0.767178 0.857629 0.507634 0.625375 0.491976 0.537815 0.756220
0.655260 0.774174 0.863214 0.857876 0.865158 0.940859 0.751733 0.856868 0.931557 0.833615 0.888197 0.868497 0.774132 0.582563 0.842773 0.740395 0.745375 0.667079 0.806304 0.819038 0.575637 0.977928 0.844693 0.762487 0.816424 0.751318 0.489194 0.865996 0.683079 0.872264 0.748436 0.812448 0.569747 0.460921 0.561104 0.820819 0.854974 0.697598 0.807007 0.926601 0.643731 0.628297 0.896228 0.756342 0.875917 0.710078 0.648987 0.567895 0.725846 0.730270 0.502112 0.474459 0.565791 0.612207 0.779961 0.579983 0.545203 0.546817 0.759498 0.606653 0.699783 0.778996 0.878187 0.578451 0.542464 0.532750 0.580486 0.711708
0.701155 0.779603 0.993840 0.849876 1.003084 0.820162 0.738070 0.820309 0.841768 0.947057 0.903673 0.997528 0.637213 0.520276 0.821024 0.882315 0.754054 0.761179 0.719925 0.833400 0.606333 0.925638 0.706781 0.812402 0.686626 0.711698 0.580098 0.854825 0.569362 0.730860 0.812448 0.751124 0.697049 0.431045 0.657154 0.804647 1.045025 0.785250 1.032325 0.866305 0.609147 0.640850 0.915064 0.928882 0.906380 0.926354 0.450975 0.584170 0.790683 0.860555 0.432864 0.469552 0.636375 0.587782 0.723176 0.599220 0.592224 0.521619 0.650199 0.493662 0.754094 0.739049 0.847988 0.519823 0.605065 0.537058 0.680721 0.647626
0.797833 0.708885 0.491717 0.868516 0.604949 0.675710 0.609694 0.841593 0.546706 0.888824 0.630260 0.836956 0.431219 0.408055 0.791510 0.791883 0.604704 0.874574 1.020899 0.823238 0.556936 0.663952 0.954424 0.807082 0.690980 0.894900 0.854733 0.738146 0.462121 0.786750 0.569747 0.697049 0.722062 0.966524 1.058984 0.777063 0.573097 1.018202 0.696143 0.804065 0.719141 1.138968 0.969041 1.074025 0.494075 1.138627 0.573643 0.398939 0.679359 0.941390 0.490214 0.388087 0.482749 0.519160 0.845935 0.642199 0.635223 0.955104 0.804385 0.675264 0.757177 0.538684 0.604570 0.558942 0.664855 0.580306 0.576115 0.719525
0.665426 0.593805 0.386911 0.665517 0.434814 0.514202 0.461708 0.684083 0.502331 0.566027 0.562984 0.650691 0.440850 0.451689 0.632847 0.564317 0.609402 0.649904 0.986022 0.652928 0.530681 0.484707 1.013913 0.710357 0.573014 0.747027 0.960984 0.573286 0.424100 0.859402 0.460921 0.431045 0.966524 0.616290 0.900870 0.650494 0.444670 0.827465 0.508930 0.674879 0.600821 1.169052 0.845806 0.744388 0.485182 0.885588 0.732514 0.476569 0.548517 0.679579 0.484895 0.382345 0.501570 0.485380 0.735322 0.429782 0.435143 0.954595 0.712402 0.602209 0.605761 0.438711 0.479278 0.483377 0.558167 0.454301 0.463992 0.550705
0.803383 0.679488 0.437892 0.773322 0.514966 0.597898 0.537057 0.735748 0.512951 0.765914 0.581710 0.767253 0.445312 0.408371 0.756173 0.714320 0.716080 0.831923 0.949400 0.718139 0.520204 0.629758 0.824124 0.746336 0.621325 0.804804 0.841685 0.632941 0.486413 0.746838 0.561104 0.657154 1.058984 0.900870 0.677049 0.733001 0.470335 0.900461 0.621184 0.731356 0.679673 0.992181 0.895014 0.900882 0.516063 1.025967 0.541099 0.461006 0.621553 0.838029 0.489383 0.432506 0.499180 0.516593 0.800472 0.583459 0.585816 0.912165 0.763954 0.702855 0.694425 0.522475 0.513506 0.524970 0.641991 0.534433 0.623342 0.699107
0.841485 1.325682 0.853080 0.890545 0.920876 0.969558 0.756533 0.912327 0.882008 1.038390 0.895999 0.916614 0.688040 0.504834 1.054127 0.905511 0.767092 0.822007 0.901586 1.294997 0.421673 0.941461 0.887963 0.748330 0.860088 1.075486 0.634221 1.209308 0.592960 0.817377 0.820819 0.804647 0.777063 0.650494 0.733001 0.829615 0.805774 0.837312 0.838376 1.027958 0.699573 0.821706 0.992576 0.944090 0.740662 0.814445 0.691052 0.452647 0.793500 0.863677 0.559546 0.406947 0.554467 0.610350 0.941417 0.740412 0.680557 0.793515 0.964019 0.734381 0.802903 0.813454 0.889080 0.563950 0.571876 0.632005 0.637379 0.793322
0.713245 0.832775 1.357217 0.809397 1.279219 0.806856 0.733964 0.816098 0.946818 0.996093 1.154694 1.115375 0.829379 0.592497 0.899553 1.026978 0.772421 0.632100 0.671859 0.922789 0.588668 1.060898 0.751518 0.907574 0.689310 0.801935 0.495683 1.006518 0.532774 0.835421 0.854974 1.045025 0.573097 0.444670 0.470335 0.805774 0.788950 0.635021 1.320110 0.818947 0.520934 0.562482 0.863700 1.003970 1.105998 0.920214 0.505818 0.609180 0.824112 0.957915 0.460539 0.434384 0.671650 0.618848 0.748755 0.536834 0.483797 0.411223 0.609503 0.467876 0.677429 0.842174 0.919787 0.587509 0.514504 0.481146 0.556559 0.619446
0.766911 0.724932 0.584864 1.085233 0.667471 0.993319 0.805135 1.019408 0.773444 0.943215 0.777176 0.904860 0.613950 0.370957 0.938061 0.843748 0.622701 0.921282 0.994335 0.852644 0.551915 0.770833 1.052498 0.820641 0.953681 0.960947 0.768851 0.754776 0.641612 0.877237 0.697598 0.785250 1.018202 0.827465 0.900461 0.837312 0.635021 0.793829 0.712169 1.096920 0.786229 1.090488 1.057513 1.036687 0.621289 1.022889 0.698890 0.441491 0.772541 0.926792 0.567277 0.394296 0.499795 0.556728 0.949092 0.733223 0.646111 0.956489 0.942850 0.701212 0.846774 0.685825 0.779204 0.532549 0.678846 0.577526 0.670147 0.835212
0.754054 0.869661 1.244879 0.802992 1.243852 0.745919 0.685781 0.836114 0.875514 0.974631 1.079559 1.107464 0.757700 0.559716 0.913308 1.038778 0.776420 0.692781 0.741205 0.907529 0.594409 0.980961 0.747420 0.884889 0.653663 0.818770 0.544010 0.952829 0.464866 0.810593 0.807007 1.032325 0.696143 0.508930 0.621184 0.838376 1.320110 0.712169 0.787141 0.781906 0.532402 0.672991 0.926879 1.027789 1.029586 1.006434 0.517418 0.580477 0.826452 1.002588 0.444407 0.426235 0.676399 0.631891 0.765508 0.549550 0.525125 0.537767 0.660482 0.514528 0.689633 0.777762 0.839658 0.585551 0.548828 0.530989 0.648488 0.603034
0.760479 0.922907 0.831135 1.141049 0.870183 1.311485 0.932549 1.144411 1.069672 1.057628 0.960332 1.019810 0.878623 0.450167 1.075422 0.849982 0.813092 0.817947 1.082955 1.043668 0.502607 0.968057 1.224468 0.885716 1.139102 0.992004 0.656209 0.941701 0.817618 1.070750 0.926601 0.866305 0.804065 0.674879 0.731356 1.027958 0.818947 1.096920 0.781906 0.888305 0.818738 0.985342 1.164167 0.985340 0.851981 0.873878 0.855341 0.554845 0.869018 0.857474 0.607426 0.425501 0.559801 0.607579 1.073371 0.768159 0.650081 0.911568 1.087987 0.791702 0.873085 0.885123 0.984163 0.516617 0.662541 0.573253 0.654517 0.870407
0.543194 0.621081 0.510842 0.799289 0.553969 0.754666 0.838894 0.780539 0.734910 0.656518 0.624083 0.656012 0.661990 0.404301 0.701379 0.666322 0.565816 0.740111 0.722804 0.720739 0.479212 0.661240 0.770715 0.637977 0.783167 0.698934 0.738538 0.638862 0.784360 0.729496 0.643731 0.609147 0.719141 0.600821 0.679673 0.699573 0.520934 0.786229 0.532402 0.818738 0.661897 0.778858 0.867806 0.686677 0.575559 0.639348 0.676465 0.461832 0.623865 0.695235 0.620813 0.523111 0.464597 0.517726 0.748984 0.667074 0.615681 0.720601 0.777735 0.620873 0.666342 0.661202 0.702346 0.476882 0.567447 0.597707 0.654794 0.642234
0.746866 0.746424 0.482903 0.934305 0.602111 0.814794 0.642480 1.026535 0.697887 0.815126 0.674828 0.864790 0.546859 0.356266 0.836857 0.726996 0.648493 0.822676 1.208203 0.829322 0.527469 0.650726 1.220430 0.864142 0.802432 0.950566 0.952264 0.712603 0.502136 0.984139 0.628297 0.640850 1.138968 1.169052 0.992181 0.821706 0.562482 1.090488 0.672991 0.985342 0.778858 0.762481 1.105255 1.009746 0.590809 1.108119 0.814313 0.446736 0.707916 0.879315 0.521302 0.367898 0.474109 0.516492 0.962899 0.602835 0.562249 1.146038 0.957186 0.743615 0.795589 0.584842 0.649938 0.493794 0.673483 0.547597 0.591567 0.723072
0.798882 0.908941 0.844356 1.067437 0.917650 1.051935 0.825432 1.091099 1.048147 0.988291 0.968355 1.105230 0.786536 0.456804 1.030956 0.891051 0.894638 0.883418 1.180625 0.984293 0.550446 0.951953 1.195336 0.980848 0.942037 0.909615 0.812218 0.914244 0.723997 1.154287 0.896228 0.915064 0.969041 0.845806 0.895014 0.992576 0.863700 1.057513 0.926879 1.164167 0.867806 1.105255 0.878995 1.007015 0.889146 1.079962 0.868759 0.600751 0.847652 0.954391 0.543131 0.407786 0.525130 0.570080 1.023372 0.649557 0.574108 0.949789 0.967425 0.727685 0.854067 0.788476 0.874636 0.530036 0.683062 0.566897 0.682220 0.823974
0.881591 0.845274 0.909908 1.027744 0.952471 0.882809 0.734059 0.974718 0.723566 1.245736 0.940672 1.076087 0.631169 0.475067 1.014534 1.045405 0.646178 0.886509 1.001682 1.084404 0.557586 0.995756 1.011903 0.972456 0.813396 1.104755 0.716902 1.041035 0.497997 0.839022 0.756342 0.928882 1.074025 0.744388 0.900882 0.944090 1.003970 1.036687 1.027789 0.985340 0.686677 1.009746 1.007015 0.848190 0.747510 1.226044 0.522653 0.395375 0.815746 1.094061 0.506088 0.373126 0.581320 0.574626 0.941402 0.719888 0.648879 0.826893 0.854015 0.673111 0.865605 0.756041 0.865760 0.586099 0.664896 0.577544 0.626152 0.835415
0.686529 0.740772 1.080963 0.803552 1.024456 0.858613 0.713940 0.835428 0.944291 0.818292 1.094916 1.001616 0.816863 0.602735 0.846430 0.857776 0.968089 0.615813 0.742216 0.781446 0.583317 0.951878 0.835396 0.880329 0.710071 0.737723 0.537339 0.843100 0.654581 0.975208 0.875917 0.906380 0.494075 0.485182 0.516063 0.740662 1.105998 0.621289 1.029586 0.851981 0.575559 0.590809 0.889146 0.747510 0.760491 0.779678 0.639761 0.671324 0.890028 0.838934 0.450759 0.484062 0.608495 0.604018 0.766132 0.479229 0.504251 0.496077 0.680469 0.511152 0.625245 0.801000 0.832574 0.536815 0.525763 0.466364 0.551428 0.629347
0.788294 0.762741 0.799525 0.922660 0.872238 0.729132 0.635627 0.897560 0.657556 1.011992 0.843030 1.115097 0.535950 0.414694 0.897883 0.991567 0.760492 0.866453 1.079044 0.868690 0.598329 0.871812 1.024647 0.995783 0.695957 0.931635 0.796053 0.831565 0.423654 0.916160 0.710078 0.926354 1.138627 0.885588 1.025967 0.814445 0.920214 1.022889 1.006434 0.873878 0.639348 1.108119 1.079962 1.226044 0.779678 0.796789 0.581476 0.483516 0.787934 1.114813 0.432701 0.345413 0.560889 0.530495 0.887990 0.603756 0.567813 0.941271 0.783832 0.624947 0.828430 0.629156 0.718328 0.563601 0.660352 0.513793 0.622256 0.756355
0.517300 0.637540 0.535250 0.684785 0.546632 0.786959 0.604774 0.724559 0.755658 0.525413 0.629580 0.658682 0.754324 0.485427 0.658091 0.529133 0.693403 0.550566 0.816857 0.654993 0.502288 0.591888 0.914599 0.614731 0.752558 0.675819 0.609000 0.590604 0.671582 0.905237 0.648987 0.450975 0.573643 0.732514 0.541099 0.691052 0.505818 0.698890 0.517418 0.855341 0.676465 0.814313 0.868759 0.522653 0.639761 0.581476 0.635456 0.621075 0.596666 0.579829 0.545671 0.451002 0.450235 0.519734 0.755944 0.515918 0.474336 0.798228 0.721144 0.596762 0.579985 0.617016 0.602447 0.480066 0.520574 0.477791 0.498005 0.598005
0.427458 0.476590 0.612812 0.495060 0.589383 0.582835 0.497931 0.472899 0.621183 0.433255 0.607767 0.560896 0.637579 0.588956 0.493965 0.460539 0.637966 0.418536 0.547579 0.431747 0.612944 0.585936 0.567437 0.581516 0.567446 0.377895 0.475839 0.432902 0.663181 0.675252 0.567895 0.584170 0.398939 0.476569 0.461006 0.452647 0.609180 0.441491 0.580477 0.554845 0.461832 0.446736 0.600751 0.395375 0.671324 0.483516 0.621075 0.532110 0.534309 0.533890 0.476081 0.452449 0.560341 0.508903 0.459372 0.418214 0.419467 0.466691 0.478857 0.510613 0.483844 0.545592 0.528614 0.434702 0.514930 0.457133 0.510560 0.457855
0.682053 0.790333 0.796391 0.796252 0.832666 0.840605 0.690799 0.841360 0.814237 0.825422 0.835346 0.845454 0.681642 0.453197 0.869630 0.811203 0.732266 0.676907 0.778478 0.792887 0.510931 0.815080 0.797877 0.738242 0.708533 0.775813 0.577459 0.794486 0.625505 0.781060 0.725846 0.790683 0.679359 0.548517 0.621553 0.793500 0.824112 0.772541 0.826452 0.869018 0.623865 0.707916 0.847652 0.815746 0.890028 0.787934 0.596666 0.534309 0.725409 0.824806 0.479982 0.526365 0.565566 0.567985 0.748152 0.586742 0.526821 0.640731 0.709815 0.624084 0.701505 0.717557 0.768232 0.517699 0.576545 0.485077 0.535264 0.677697
0.742041 0.799287 0.866765 0.930553 0.885440 0.786697 0.731392 0.877519 0.724339 1.001163 0.918334 0.999001 0.658406 0.440950 0.923861 0.988669 0.737251 0.882048 0.884677 0.940909 0.575270 0.944439 0.868125 0.926494 0.754588 0.998858 0.678104 0.939140 0.525309 0.861848 0.730270 0.860555 0.941390 0.679579 0.838029 0.863677 0.957915 0.926792 1.002588 0.857474 0.695235 0.879315 0.954391 1.094061 0.838934 1.114813 0.579829 0.533890 0.824806 0.799932 0.500473 0.460908 0.601952 0.542602 0.858958 0.676211 0.610081 0.779330 0.786004 0.616316 0.836214 0.715550 0.841531 0.531197 0.581199 0.517841 0.611950 0.767929
0.516926 0.550619 0.454398 0.611224 0.489314 0.619044 0.613679 0.594056 0.579880 0.563861 0.508984 0.496568 0.544697 0.486876 0.585770 0.502494 0.479053 0.595927 0.518345 0.556669 0.426901 0.518267 0.549893 0.510219 0.643924 0.587134 0.491460 0.532445 0.600208 0.521072 0.502112 0.432864 0.490214 0.484895 0.489383 0.559546 0.460539 0.567277 0.444407 0.607426 0.620813 0.521302 0.543131 0.506088 0.450759 0.432701 0.545671 0.476081 0.479982 0.500473 0.547941 0.539121 0.417000 0.515109 0.573276 0.622449 0.555175 0.570066 0.606162 0.524952 0.579248 0.582411 0.533511 0.501135 0.541050 0.612069 0.557844 0.578099
0.444649 0.409275 0.439928 0.432618 0.420701 0.447555 0.501843 0.434390 0.461052 0.419148 0.423343 0.365285 0.497376 0.545680 0.434649 0.449133 0.489863 0.463273 0.409140 0.444808 0.480650 0.496983 0.366764 0.450215 0.434876 0.424255 0.483759 0.431097 0.496617 0.390614 0.474459 0.469552 0.388087 0.382345 0.432506 0.406947 0.434384 0.394296 0.426235 0.425501 0.523111 0.367898 0.407786 0.373126 0.484062 0.345413 0.451002 0.452449 0.526365 0.460908 0.539121 0.461551 0.479328 0.445917 0.443197 0.491111 0.533150 0.423352 0.451257 0.513970 0.489276 0.471205 0.442764 0.496794 0.497165 0.505044 0.523197 0.465468
0.531762 0.570178 0.687045 0.503425 0.672864 0.552722 0.496714 0.528539 0.552710 0.583337 0.678060 0.601360 0.589970 0.597755 0.584911 0.610868 0.520738 0.528513 0.496682 0.617193 0.557644 0.627025 0.513813 0.568217 0.503137 0.542210 0.498647 0.624677 0.505066 0.536170 0.565791 0.636375 0.482749 0.501570 0.499180 0.554467 0.671650 0.499795 0.676399 0.559801 0.464597 0.474109 0.525130 0.581320 0.608495 0.560889 0.450235 0.560341 0.565566 0.601952 0.417000 0.479328 0.567074 0.649275 0.539578 0.508672 0.493024 0.476869 0.491909 0.490352 0.519101 0.695696 0.647150 0.505461 0.535489 0.481914 0.536839 0.490756
0.537604 0.625695 0.625193 0.542658 0.649185 0.591480 0.547263 0.573955 0.585479 0.571196 0.637059 0.583625 0.582387 0.571878 0.606359 0.599894 0.509376 0.580324 0.549919 0.630168 0.524068 0.608689 0.549090 0.519100 0.542540 0.546830 0.484609 0.624387 0.569032 0.535893 0.612207 0.587782 0.519160 0.485380 0.516593 0.610350 0.618848 0.556728 0.631891 0.607579 0.517726 0.516492 0.570080 0.574626 0.604018 0.530495 0.519734 0.508903 0.567985 0.542602 0.515109 0.445917 0.649275 0.573589 0.551199 0.512092 0.527305 0.491521 0.541543 0.536789 0.507392 0.599118 0.676021 0.492618 0.525255 0.533518 0.565833 0.527653
0.857903 0.891762 0.773477 0.996779 0.857368 1.041491 0.801164 1.076761 0.959379 0.989346 0.879154 0.984815 0.785607 0.515755 0.977407 0.849597 0.779426 0.787436 1.024411 0.899387 0.463034 0.825159 1.054998 0.877878 0.895638 0.916159 0.677761 0.839551 0.647285 0.952333 0.779961 0.723176 0.845935 0.735322 0.800472 0.941417 0.748755 0.949092 0.765508 1.073371 0.748984 0.962899 1.023372 0.941402 0.766132 0.887990 0.755944 0.459372 0.748152 0.858958 0.573276 0.443197 0.539578 0.551199 0.830294 0.723829 0.672761 0.936104 1.027494 0.754565 0.850248 0.783482 0.800992 0.506434 0.687149 0.624444 0.616472 0.837756
0.615330 0.694773 0.546595 0.743580 0.586010 0.775715 0.672792 0.708385 0.643338 0.770428 0.636672 0.617890 0.575463 0.482664 0.768932 0.676534 0.541481 0.686338 0.634866 0.731840 0.504990 0.627211 0.632109 0.570232 0.684498 0.777281 0.466140 0.676341 0.602906 0.555784 0.579983 0.599220 0.642199 0.429782 0.583459 0.740412 0.536834 0.733223 0.549550 0.768159 0.667074 0.602835 0.649557 0.719888 0.479229 0.603756 0.515918 0.418214 0.586742 0.676211 0.622449 0.491111 0.508672 0.512092 0.723829 0.639994 0.726810 0.686958 0.759272 0.630246 0.727231 0.645584 0.645401 0.559332 0.551782 0.627828 0.601763 0.732759
0.612508 0.651846 0.505295 0.669395 0.541727 0.660859 0.637428 0.658133 0.601098 0.692401 0.549085 0.587161 0.535956 0.466909 0.674630 0.649954 0.533267 0.632208 0.565048 0.683879 0.487558 0.557150 0.560803 0.559039 0.628350 0.692920 0.548451 0.666582 0.574960 0.522329 0.545203 0.592224 0.635223 0.435143 0.585816 0.680557 0.483797 0.646111 0.525125 0.650081 0.615681 0.562249 0.574108 0.648879 0.504251 0.567813 0.474336 0.419467 0.526821 0.610081 0.555175 0.533150 0.493024 0.527305 0.672761 0.726810 0.603948 0.616619 0.685458 0.633043 0.644747 0.589762 0.605281 0.552814 0.616523 0.639045 0.622853 0.654776
0.669909 0.754126 0.375291 0.859351 0.494098 0.833859 0.629945 0.904935 0.673811 0.712834 0.524175 0.744647 0.518140 0.395496 0.739607 0.683135 0.634941 0.767781 1.038856 0.705405 0.481714 0.537151 1.041461 0.719272 0.759672 0.890140 0.840365 0.568018 0.557028 0.852107 0.546817 0.521619 0.955104 0.954595 0.912165 0.793515 0.411223 0.956489 0.537767 0.911568 0.720601 1.146038 0.949789 0.826893 0.496077 0.941271 0.798228 0.466691 0.640731 0.779330 0.570066 0.423352 0.476869 0.491521 0.936104 0.686958 0.616619 0.705330 1.121634 0.775598 0.790522 0.571772 0.560270 0.461157 0.688592 0.637621 0.617692 0.736335
0.822330 0.930126 0.646722 1.062783 0.756554 1.100978 0.842036 1.121030 0.992687 0.961404 0.755613 0.915465 0.760176 0.441742 0.922380 0.787951 0.704618 0.773485 0.956226 0.893485 0.438453 0.774369 1.041789 0.759793 0.920093 0.989800 0.690541 0.769003 0.683167 0.871514 0.759498 0.650199 0.804385 0.712402 0.763954 0.964019 0.609503 0.942850 0.660482 1.087987 0.777735 0.957186 0.967425 0.854015 0.680469 0.783832 0.721144 0.478857 0.709815 0.786004 0.606162 0.451257 0.491909 0.541543 1.027494 0.759272 0.685458 1.121634 0.811644 0.830708 0.813800 0.760754 0.784694 0.528443 0.647803 0.663539 0.652503 0.839013
0.648015 0.705194 0.510581 0.705862 0.558323 0.770240 0.634201 0.742562 0.655968 0.706755 0.594336 0.606334 0.644695 0.467989 0.732019 0.580648 0.582606 0.652984 0.741815 0.679397 0.516851 0.611167 0.758232 0.616077 0.712240 0.738316 0.583937 0.618157 0.611161 0.672251 0.606653 0.493662 0.675264 0.602209 0.702855 0.734381 0.467876 0.701212 0.514528 0.791702 0.620873 0.743615 0.727685 0.673111 0.511152 0.624947 0.596762 0.510613 0.624084 0.616316 0.524952 0.513970 0.490352 0.536789 0.754565 0.630246 0.633043 0.775598 0.830708 0.648326 0.663578 0.662881 0.673558 0.567387 0.626848 0.609192 0.589427 0.684923
0.694757 0.745306 0.619325 0.856862 0.701148 0.840803 0.728912 0.876325 0.746038 0.860195 0.723840 0.775524 0.595391 0.451711 0.828416 0.776723 0.589873 0.751328 0.837473 0.805080 0.505771 0.752387 0.825778 0.713689 0.750587 0.837665 0.617322 0.751223 0.617440 0.722961 0.699783 0.754094 0.757177 0.605761 0.694425 0.802903 0.677429 0.846774 0.689633 0.873085 0.666342 0.795589 0.854067 0.865605 0.625245 0.828430 0.579985 0.483844 0.701505 0.836214 0.579248 0.489276 0.519101 0.507392 0.850248 0.727231 0.644747 0.790522 0.813800 0.663578 0.722977 0.730275 0.761691 0.495424 0.605058 0.591320 0.610087 0.752977
0.592672 0.762970 0.856867 0.811223 0.860845 0.900729 0.809682 0.800387 0.873586 0.845537 0.869987 0.826281 0.757940 0.545475 0.844972 0.794158 0.668089 0.680760 0.682793 0.844263 0.524800 0.831642 0.778336 0.690333 0.785458 0.773861 0.507738 0.844138 0.700596 0.767178 0.778996 0.739049 0.538684 0.438711 0.522475 0.813454 0.842174 0.685825 0.777762 0.885123 0.661202 0.584842 0.788476 0.756041 0.801000 0.629156 0.617016 0.545592 0.717557 0.715550 0.582411 0.471205 0.695696 0.599118 0.783482 0.645584 0.589762 0.571772 0.760754 0.662881 0.730275 0.732947 0.919154 0.523817 0.550712 0.542163 0.549853 0.713098
0.662987 0.836326 0.935315 0.925170 0.899592 0.979288 0.835680 0.895714 0.928431 0.943892 0.956424 0.903723 0.805420 0.541030 0.939536 0.828572 0.672178 0.723786 0.786548 0.951337 0.540458 0.949526 0.863638 0.820902 0.891450 0.836214 0.517007 0.954260 0.702704 0.857629 0.878187 0.847988 0.604570 0.479278 0.513506 0.889080 0.919787 0.779204 0.839658 0.984163 0.702346 0.649938 0.874636 0.865760 0.832574 0.718328 0.602447 0.528614 0.768232 0.841531 0.533511 0.442764 0.647150 0.676021 0.800992 0.645401 0.605281 0.560270 0.784694 0.673558 0.761691 0.919154 0.784483 0.574711 0.540528 0.503260 0.587056 0.744258
0.599303 0.579518 0.616355 0.541620 0.590592 0.523224 0.526861 0.571921 0.561396 0.614397 0.577628 0.604995 0.547787 0.535448 0.557766 0.575177 0.541469 0.520646 0.532860 0.570356 0.481928 0.520677 0.504673 0.567125 0.536331 0.554265 0.440554 0.585968 0.466073 0.507634 0.578451 0.519823 0.558942 0.483377 0.524970 0.563950 0.587509 0.532549 0.585551 0.516617 0.476882 0.493794 0.530036 0.586099 0.536815 0.563601 0.480066 0.434702 0.517699 0.531197 0.501135 0.496794 0.505461 0.492618 0.506434 0.559332 0.552814 0.461157 0.528443 0.567387 0.495424 0.523817 0.574711 0.553473 0.489013 0.581981 0.534069 0.547358
0.601414 0.532321 0.506085 0.661022 0.539588 0.640057 0.578190 0.688192 0.608750 0.619694 0.565492 0.585941 0.546915 0.472785 0.635440 0.587128 0.539327 0.584364 0.646335 0.559921 0.478095 0.570995 0.679079 0.623236 0.607378 0.599681 0.596536 0.526271 0.563455 0.625375 0.542464 0.605065 0.664855 0.558167 0.641991 0.571876 0.514504 0.678846 0.548828 0.662541 0.567447 0.673483 0.683062 0.664896 0.525763 0.660352 0.520574 0.514930 0.576545 0.581199 0.541050 0.497165 0.535489 0.525255 0.687149 0.551782 0.616523 0.688592 0.647803 0.626848 0.605058 0.550712 0.540528 0.489013 0.594583 0.532078 0.572552 0.645153
