0.605124 0.526126 0.628790 0.619442 0.678248 0.572917 0.448954 0.807923 0.731669 0.620464 0.681411 0.871598 0.450683 0.512318 0.621984 0.711130 0.693374 0.568503 0.690154 0.571769 0.542591 0.546706 0.545770 0.513256 0.509838 0.401233 0.609043 0.570817 0.481056 0.498378 0.493779 0.579657 0.793808 0.664801 0.723082 0.498738 0.599710 0.555912 0.652815 0.605267 0.430404 0.670495 0.578107 0.584472 0.695651 0.744311 0.431952 0.474433 0.605736 0.642164 0.514649 0.466050 0.607043 0.543275 0.550177 0.594949 0.611842 0.698211 0.684155 0.384323 0.547685 0.553062 0.526900 0.563451 0.562037 0.518281 0.562735 0.643293
0.526126 0.808821 0.908079 0.892831 0.919007 1.134066 0.506515 0.951221 0.735459 1.133453 0.838734 0.811463 0.313547 0.630161 0.950218 0.949667 0.911231 0.783796 0.917041 1.224417 0.516036 0.990120 0.953024 1.027306 0.797826 1.112995 0.632574 1.219568 0.572822 0.729401 0.616715 0.827691 0.646030 0.566376 0.775869 1.403603 0.949937 0.892939 0.909596 1.092006 0.437193 0.858910 0.713842 1.062654 0.891811 0.982372 0.627644 0.479695 1.026693 0.920909 0.407905 0.501342 0.549842 0.418412 0.798788 0.707112 0.737230 0.882778 0.837968 0.503816 0.733179 0.740873 0.664599 0.623875 0.696966 0.551842 0.637348 0.946953
0.628790 0.908079 0.779679 0.719702 1.392932 0.842976 0.430826 0.861692 1.011276 1.076080 1.146640 0.942889 0.447801 0.699753 1.031840 1.100718 0.842585 0.697377 0.903581 1.239098 0.571601 1.110070 0.569423 0.788204 0.661800 0.707690 0.509551 1.196141 0.550351 0.564459 0.751266 1.290374 0.549050 0.319834 0.492505 0.841674 1.408149 0.644090 1.375475 0.865025 0.361340 0.522682 0.736720 1.092086 1.152977 1.109133 0.602531 0.585393 0.982465 0.958565 0.360904 0.452518 0.781409 0.555537 0.690971 0.425881 0.478338 0.603678 0.614372 0.378766 0.681670 0.816078 0.905555 0.572504 0.570777 0.285139 0.271489 0.609331
0.619442 0.892831 0.719702 0.694431 0.735782 0.961325 0.555412 0.845554 0.665879 0.806469 0.593586 0.794725 0.475516 0.500678 0.721750 0.753618 0.788432 0.682152 0.714327 0.775916 0.515029 0.677541 0.909200 0.746701 0.767096 0.762311 0.635846 0.769142 0.590354 0.660757 0.557562 0.696965 0.660353 0.617060 0.673840 0.879287 0.717755 0.841048 0.708052 0.971538 0.570234 0.768724 0.631840 0.804564 0.633963 0.797747 0.526125 0.445442 0.758981 0.700067 0.533267 0.498358 0.548220 0.456272 0.649163 0.757127 0.762050 0.845706 0.855631 0.428943 0.571574 0.603486 0.562900 0.540117 0.658674 0.599661 0.670971 0.811200
0.678248 0.919007 1.392932 0.735782 0.804072 0.837577 0.392233 0.941395 1.103187 1.134973 1.156015 1.000143 0.440702 0.708191 1.004221 1.151440 0.864351 0.799694 0.984787 1.225015 0.573521 1.098615 0.595464 0.822077 0.644111 0.784848 0.527371 1.170920 0.502246 0.568471 0.767281 1.297100 0.641051 0.353495 0.547304 0.859467 1.390301 0.728277 1.396747 0.859222 0.338335 0.583247 0.828861 1.140815 1.150985 1.187721 0.562590 0.596350 0.985312 1.004611 0.323376 0.437602 0.777161 0.550813 0.693625 0.498023 0.531429 0.690111 0.684441 0.424942 0.669173 0.836277 0.910707 0.616002 0.573659 0.320326 0.382522 0.669511
0.572917 1.134066 0.842976 0.961325 0.837577 0.815736 0.598457 0.996395 0.805590 1.052245 0.801488 0.932526 0.392347 0.627751 0.845825 0.849585 0.988146 0.733613 0.908198 1.007925 0.546888 0.843897 1.161276 1.019881 0.984909 0.958843 0.677357 0.957144 0.665911 0.928481 0.662457 0.764869 0.577228 0.651124 0.775656 1.134528 0.833843 0.897384 0.790050 1.276118 0.564169 0.864847 0.753807 0.996732 0.825385 0.849643 0.713028 0.487668 0.905258 0.796479 0.488430 0.565785 0.613288 0.396422 0.745426 0.800179 0.877414 1.047571 1.020863 0.466042 0.652444 0.774829 0.705575 0.622204 0.705355 0.627484 0.691911 0.958461
0.448954 0.506515 0.430826 0.555412 0.392233 0.598457 0.513043 0.415165 0.532729 0.379598 0.462478 0.357839 0.620928 0.535850 0.570917 0.446999 0.452756 0.487036 0.380293 0.425783 0.567740 0.525727 0.515367 0.483598 0.713639 0.418631 0.561607 0.476350 0.727649 0.573455 0.614722 0.418589 0.294958 0.430626 0.475350 0.509840 0.430240 0.503607 0.410673 0.553499 0.818020 0.382285 0.533090 0.402957 0.477024 0.321761 0.641847 0.596835 0.501057 0.487289 0.593027 0.566843 0.496657 0.499653 0.604154 0.496435 0.470979 0.509801 0.528966 0.539781 0.501103 0.584891 0.533961 0.469064 0.480504 0.504433 0.494487 0.457371
0.807923 0.951221 0.861692 0.845554 0.941395 0.996395 0.415165 0.767663 0.968109 1.016811 0.767130 1.031025 0.372670 0.550775 0.756252 0.928698 0.914942 0.766780 0.938785 0.934703 0.497813 0.781166 0.863055 0.815917 0.729955 0.804437 0.570736 0.863997 0.490984 0.569002 0.594105 0.766291 0.792534 0.579882 0.700262 0.929954 0.850423 0.842775 0.888436 1.006371 0.409808 1.058890 0.763493 0.932721 0.810639 1.019062 0.422517 0.500398 0.864909 0.864478 0.457867 0.494292 0.615725 0.427179 0.699796 0.805665 0.819183 1.017501 1.043732 0.457904 0.569311 0.672168 0.672881 0.612541 0.676246 0.583962 0.737526 0.880360
0.731669 0.735459 1.011276 0.665879 1.103187 0.805590 0.532729 0.968109 0.768643 0.857119 1.014073 0.909892 0.501122 0.675339 0.882580 1.032799 0.819550 0.874468 0.965530 0.866079 0.610526 0.917011 0.609099 0.750186 0.702911 0.681248 0.645467 0.873112 0.576752 0.728703 0.736593 0.972043 0.694839 0.489162 0.705921 0.689554 1.064622 0.763463 1.089061 0.724805 0.530358 0.663783 1.082342 0.856317 1.009231 0.980115 0.604480 0.634068 0.854137 0.923098 0.366818 0.506652 0.796857 0.519334 0.713419 0.656137 0.635449 0.809771 0.757998 0.552122 0.598535 0.783356 0.826012 0.678284 0.500035 0.427188 0.508024 0.683565
0.620464 1.133453 1.076080 0.806469 1.134973 1.052245 0.379598 1.016811 0.857119 0.802120 0.873080 1.018207 0.350680 0.704817 0.769953 0.968505 0.849513 0.738966 0.995118 1.284577 0.563963 1.013385 0.899415 0.983039 0.652689 1.113343 0.544845 1.126771 0.476561 0.625905 0.646211 0.995142 0.685925 0.483281 0.645139 1.120763 1.106318 0.827897 1.093881 1.083214 0.313849 0.805789 0.651126 1.379565 0.922584 1.111141 0.514364 0.462527 0.886526 0.893955 0.347793 0.421658 0.725450 0.478470 0.705591 0.558417 0.642644 0.864406 0.850102 0.409773 0.648462 0.751404 0.794135 0.593247 0.617092 0.418844 0.569244 0.827634
0.681411 0.838734 1.146640 0.593586 1.156015 0.801488 0.462478 0.767130 1.014073 0.873080 0.777799 0.899277 0.533102 0.794200 1.041229 1.071363 0.898228 0.782330 0.957981 1.032901 0.603695 1.081910 0.546651 0.786179 0.651456 0.629668 0.638501 1.101121 0.592497 0.819554 0.763384 1.067778 0.630713 0.504304 0.754819 0.747599 1.146899 0.645237 1.145125 0.707622 0.427242 0.459084 0.904246 0.837380 1.253670 0.999965 0.750263 0.647637 0.878571 0.953378 0.327954 0.465784 0.772000 0.590667 0.680914 0.505351 0.497001 0.589446 0.516232 0.464961 0.707808 0.871142 0.891671 0.656745 0.523352 0.325478 0.288291 0.617323
0.871598 0.811463 0.942889 0.794725 1.000143 0.932526 0.357839 1.031025 0.909892 1.018207 0.899277 0.781798 0.449434 0.603236 0.820777 0.934945 0.965777 0.764906 1.007409 0.873773 0.545897 0.847549 0.876142 0.848523 0.644743 0.667849 0.693089 0.869946 0.491008 0.736275 0.595839 0.877309 0.947351 0.709412 0.813252 0.774054 0.907171 0.755154 0.952346 0.949809 0.369003 0.865709 0.801983 0.942552 0.888657 1.157491 0.474954 0.479970 0.835660 0.889026 0.444837 0.490175 0.711011 0.520293 0.719496 0.698100 0.781177 0.976127 0.932544 0.422848 0.551609 0.716828 0.731726 0.629067 0.678392 0.484513 0.594834 0.834506
0.450683 0.313547 0.447801 0.475516 0.440702 0.392347 0.620928 0.372670 0.501122 0.350680 0.533102 0.449434 0.483741 0.545714 0.481806 0.480274 0.446706 0.521785 0.471239 0.344447 0.513879 0.487310 0.403012 0.467322 0.527998 0.293529 0.511585 0.416639 0.617799 0.563800 0.568347 0.498332 0.438831 0.544624 0.481704 0.297090 0.460381 0.447015 0.462891 0.353843 0.578635 0.295548 0.510822 0.363826 0.488076 0.420890 0.706536 0.542943 0.404911 0.458205 0.459185 0.529654 0.524232 0.522350 0.471173 0.416529 0.427847 0.392466 0.365781 0.535565 0.491880 0.565900 0.569022 0.580836 0.475997 0.418478 0.429479 0.415455
0.512318 0.630161 0.699753 0.500678 0.708191 0.627751 0.535850 0.550775 0.675339 0.704817 0.794200 0.603236 0.545714 0.613343 0.606676 0.618836 0.647813 0.511302 0.668618 0.752557 0.549464 0.767312 0.570030 0.614809 0.529878 0.668932 0.547659 0.731723 0.625213 0.684239 0.649265 0.689214 0.438232 0.480357 0.611420 0.611896 0.702855 0.485871 0.693308 0.605309 0.519241 0.421635 0.581614 0.720722 0.784139 0.614287 0.689615 0.582146 0.576112 0.628896 0.456928 0.452107 0.651529 0.572419 0.583280 0.406999 0.424037 0.512504 0.509159 0.468868 0.534173 0.716831 0.644261 0.581923 0.494364 0.364356 0.366239 0.496740
0.621984 0.950218 1.031840 0.721750 1.004221 0.845825 0.570917 0.756252 0.882580 0.769953 1.041229 0.820777 0.481806 0.606676 0.739026 0.979634 0.770817 0.748104 0.813449 0.906066 0.589847 0.934490 0.606213 0.790445 0.703705 0.581373 0.640147 1.010146 0.586743 0.692486 0.664335 0.940570 0.591603 0.454381 0.666331 0.884777 1.010811 0.678198 1.009924 0.762256 0.526376 0.550323 0.807966 0.752917 1.003497 0.936191 0.610904 0.560767 1.016101 0.925846 0.427759 0.571606 0.589652 0.495981 0.757490 0.583960 0.607373 0.696913 0.628769 0.502192 0.693638 0.744062 0.729846 0.593086 0.618885 0.423471 0.436294 0.670096
0.711130 0.949667 1.100718 0.753618 1.151440 0.849585 0.446999 0.928698 1.032799 0.968505 1.071363 0.934945 0.480274 0.618836 0.979634 0.786491 0.861320 0.859515 0.924855 1.038967 0.586434 1.005300 0.620949 0.804069 0.676358 0.767048 0.624008 1.061175 0.505581 0.614755 0.712791 1.046030 0.769662 0.487780 0.733799 0.900958 1.131104 0.794268 1.128711 0.812721 0.403687 0.653411 0.880297 0.927938 1.024915 1.075971 0.550767 0.576191 0.951091 0.988686 0.357432 0.492402 0.726263 0.508853 0.715660 0.600754 0.605065 0.760721 0.681884 0.517045 0.644303 0.795275 0.788212 0.691480 0.581725 0.471801 0.476705 0.759169
0.693374 0.911231 0.842585 0.788432 0.864351 0.988146 0.452756 0.914942 0.819550 0.849513 0.898228 0.965777 0.446706 0.647813 0.770817 0.861320 0.771253 0.693158 0.921911 0.880499 0.487729 0.889952 0.940039 0.894278 0.750453 0.757051 0.635811 0.909466 0.630275 0.908451 0.637949 0.739797 0.723315 0.713083 0.840722 0.864022 0.849703 0.695222 0.851005 0.942346 0.458318 0.786132 0.769695 0.824275 0.994979 0.965189 0.648300 0.540885 0.855800 0.788666 0.497278 0.475023 0.637525 0.494157 0.723970 0.715903 0.781336 0.896289 0.893987 0.437687 0.614418 0.748181 0.697690 0.651825 0.674223 0.581608 0.619060 0.860924
0.568503 0.783796 0.697377 0.682152 0.799694 0.733613 0.487036 0.766780 0.874468 0.738966 0.782330 0.764906 0.521785 0.511302 0.748104 0.859515 0.693158 0.695286 0.824378 0.692242 0.572810 0.760650 0.634436 0.739847 0.641512 0.713990 0.662911 0.762116 0.499705 0.688406 0.608451 0.738442 0.795523 0.581837 0.765792 0.764765 0.778499 0.867618 0.787416 0.665667 0.509677 0.732427 0.944731 0.671416 0.749224 0.858316 0.520607 0.560155 0.782132 0.840177 0.403879 0.544144 0.640074 0.465912 0.680241 0.741075 0.674709 0.797225 0.639929 0.646284 0.523899 0.644154 0.675452 0.637027 0.499624 0.555991 0.621502 0.715666
0.690154 0.917041 0.903581 0.714327 0.984787 0.908198 0.380293 0.938785 0.965530 0.995118 0.957981 1.007409 0.471239 0.668618 0.813449 0.924855 0.921911 0.824378 0.794504 0.947789 0.532146 0.919367 0.883403 0.905688 0.705703 0.858220 0.708971 0.945788 0.497517 0.848630 0.651675 0.882957 0.827631 0.706098 0.876633 0.886245 0.971065 0.798945 1.009256 0.873741 0.346624 0.877474 0.947182 0.953794 0.963585 1.069693 0.625109 0.527769 0.879437 0.861413 0.352508 0.496573 0.734551 0.478418 0.725574 0.746334 0.776892 0.928641 0.825614 0.493503 0.588397 0.721547 0.785136 0.674311 0.543773 0.520230 0.642785 0.819936
0.571769 1.224417 1.239098 0.775916 1.225015 1.007925 0.425783 0.934703 0.866079 1.284577 1.032901 0.873773 0.344447 0.752557 0.906066 1.038967 0.880499 0.692242 0.947789 0.809099 0.522359 1.131228 0.785699 0.920324 0.691128 1.078840 0.496739 1.327544 0.541993 0.615141 0.699347 1.136087 0.544804 0.394634 0.588224 1.195183 1.245875 0.732606 1.207955 1.042013 0.316147 0.674758 0.633830 1.282089 1.077693 1.079900 0.619055 0.542489 0.955946 0.919346 0.366858 0.430627 0.698119 0.511322 0.711891 0.489008 0.541481 0.685693 0.723616 0.401471 0.715061 0.825634 0.831897 0.596561 0.610247 0.356297 0.411801 0.754418
0.542591 0.516036 0.571601 0.515029 0.573521 0.546888 0.567740 0.497813 0.610526 0.563963 0.603695 0.545897 0.513879 0.549464 0.589847 0.586434 0.487729 0.572810 0.532146 0.522359 0.544809 0.580184 0.424633 0.540632 0.508074 0.425906 0.513314 0.569269 0.573011 0.503983 0.604414 0.600833 0.513035 0.458135 0.537109 0.470356 0.589791 0.569608 0.590285 0.481828 0.536886 0.435739 0.579702 0.534336 0.599996 0.539573 0.545733 0.594012 0.529886 0.589843 0.494450 0.573219 0.578827 0.518495 0.509204 0.459049 0.496283 0.534531 0.505545 0.594951 0.529621 0.565544 0.605911 0.515072 0.485198 0.392865 0.447914 0.459563
0.546706 0.990120 1.110070 0.677541 1.098615 0.843897 0.525727 0.781166 0.917011 1.013385 1.081910 0.847549 0.487310 0.767312 0.934490 1.005300 0.889952 0.760650 0.919367 1.131228 0.580184 0.784549 0.689312 0.966527 0.643098 0.828534 0.627703 1.221646 0.632882 0.802184 0.780597 1.028361 0.595306 0.476255 0.713189 0.913728 1.133827 0.676549 1.118826 0.836021 0.385569 0.564738 0.754493 1.017823 1.086637 1.011786 0.722214 0.641014 0.895626 0.902624 0.385344 0.485296 0.721595 0.599197 0.722750 0.450143 0.516753 0.595890 0.607085 0.448775 0.673243 0.812929 0.825174 0.570325 0.557464 0.355442 0.342935 0.659455
0.545770 0.953024 0.569423 0.909200 0.595464 1.161276 0.515367 0.863055 0.609099 0.899415 0.546651 0.876142 0.403012 0.570030 0.606213 0.620949 0.940039 0.634436 0.883403 0.785699 0.424633 0.689312 0.735754 1.012789 0.905286 0.967248 0.681430 0.713839 0.650322 1.060644 0.603008 0.528506 0.601649 0.835740 0.761609 0.998904 0.580555 0.831551 0.557117 1.203267 0.562251 0.982668 0.688012 0.922283 0.590839 0.776399 0.676734 0.412018 0.751204 0.569039 0.522724 0.491267 0.563916 0.393483 0.675956 0.808784 0.856673 1.063069 1.029461 0.448004 0.546560 0.603153 0.566063 0.554557 0.681929 0.702852 0.801253 0.938456
0.513256 1.027306 0.788204 0.746701 0.822077 1.019881 0.483598 0.815917 0.750186 0.983039 0.786179 0.848523 0.467322 0.614809 0.790445 0.804069 0.894278 0.739847 0.905688 0.920324 0.540632 0.966527 1.012789 0.771958 0.783895 0.945267 0.702498 0.941132 0.659615 0.969419 0.655920 0.756195 0.611610 0.636680 0.787569 1.009055 0.829409 0.766537 0.836982 0.987506 0.473519 0.716428 0.697765 1.000389 0.827265 0.880879 0.734074 0.518838 0.866814 0.772512 0.466652 0.461440 0.635525 0.493284 0.666562 0.707839 0.802973 0.858247 0.860177 0.475077 0.626854 0.753469 0.740679 0.575758 0.651799 0.605048 0.666297 0.863087
0.509838 0.797826 0.661800 0.767096 0.644111 0.984909 0.713639 0.729955 0.702911 0.652689 0.651456 0.644743 0.527998 0.529878 0.703705 0.676358 0.750453 0.641512 0.705703 0.691128 0.508074 0.643098 0.905286 0.783895 0.679132 0.698766 0.627859 0.704538 0.673135 0.822875 0.640577 0.639971 0.421012 0.562124 0.619310 0.820540 0.648957 0.749897 0.638216 0.938352 0.671263 0.670242 0.692896 0.682511 0.637701 0.617364 0.708434 0.499109 0.714636 0.612553 0.512887 0.558637 0.546481 0.430116 0.625884 0.755902 0.752066 0.861156 0.836189 0.527372 0.602645 0.703982 0.655305 0.535530 0.558441 0.613426 0.609140 0.718021
0.401233 1.112995 0.707690 0.762311 0.784848 0.958843 0.418631 0.804437 0.681248 1.113343 0.629668 0.667849 0.293529 0.668932 0.581373 0.767048 0.757051 0.713990 0.858220 1.078840 0.425906 0.828534 0.967248 0.945267 0.698766 0.723769 0.528898 0.891152 0.445643 0.647091 0.531112 0.724844 0.589712 0.522659 0.658289 1.199967 0.780835 0.886086 0.774490 0.994980 0.373645 0.856742 0.707142 1.165956 0.659940 0.841994 0.542801 0.414532 0.749646 0.665154 0.380098 0.447437 0.599845 0.404687 0.695173 0.794733 0.778862 0.913588 0.882929 0.511935 0.644659 0.598536 0.637503 0.582265 0.568023 0.638286 0.802999 0.889325
0.609043 0.632574 0.509551 0.635846 0.527371 0.677357 0.561607 0.570736 0.645467 0.544845 0.638501 0.693089 0.511585 0.547659 0.640147 0.624008 0.635811 0.662911 0.708971 0.496739 0.513314 0.627703 0.681430 0.702498 0.627859 0.528898 0.622104 0.619725 0.714625 0.824540 0.544216 0.520995 0.677241 0.833802 0.799570 0.620283 0.518899 0.638257 0.513337 0.645211 0.556336 0.664751 0.758460 0.499812 0.596835 0.651695 0.711199 0.537445 0.597022 0.679713 0.469781 0.553454 0.554653 0.537429 0.562386 0.687814 0.623871 0.686212 0.578893 0.524906 0.534495 0.567597 0.576044 0.596318 0.540388 0.576503 0.587682 0.660667
0.570817 1.219568 1.196141 0.769142 1.170920 0.957144 0.476350 0.863997 0.873112 1.126771 1.101121 0.869946 0.416639 0.731723 1.010146 1.061175 0.909466 0.762116 0.945788 1.327544 0.569269 1.221646 0.713839 0.941132 0.704538 0.891152 0.619725 0.814239 0.603736 0.735120 0.755497 1.102474 0.599057 0.490492 0.719349 1.139541 1.206672 0.734079 1.167403 0.928714 0.361343 0.614113 0.717844 1.091631 1.121702 1.086886 0.680229 0.600673 0.991281 0.981896 0.367840 0.474036 0.661291 0.537235 0.750024 0.492294 0.520486 0.623485 0.610957 0.430367 0.746800 0.842765 0.823354 0.617866 0.608425 0.332173 0.342343 0.713896
0.481056 0.572822 0.550351 0.590354 0.502246 0.665911 0.727649 0.490984 0.576752 0.476561 0.592497 0.491008 0.617799 0.625213 0.586743 0.505581 0.630275 0.499705 0.497517 0.541993 0.573011 0.632882 0.650322 0.659615 0.673135 0.445643 0.714625 0.603736 0.576778 0.754980 0.579778 0.524875 0.346701 0.529916 0.596494 0.550739 0.522678 0.461616 0.500732 0.658979 0.735373 0.425613 0.525577 0.498549 0.620452 0.445875 0.825253 0.585693 0.556871 0.525128 0.557857 0.494357 0.532697 0.583202 0.540517 0.480691 0.515315 0.511164 0.578917 0.428300 0.505439 0.647416 0.610895 0.457117 0.525391 0.461567 0.475774 0.556752
0.498378 0.729401 0.564459 0.660757 0.568471 0.928481 0.573455 0.569002 0.728703 0.625905 0.819554 0.736275 0.563800 0.684239 0.692486 0.614755 0.908451 0.688406 0.848630 0.615141 0.503983 0.802184 1.060644 0.969419 0.822875 0.647091 0.824540 0.735120 0.754980 0.705592 0.685850 0.532793 0.536794 0.866452 0.889742 0.702075 0.619473 0.681091 0.579660 0.793627 0.623037 0.620956 0.852809 0.625165 0.814683 0.680655 0.913921 0.589216 0.701474 0.649140 0.477004 0.526967 0.615403 0.473595 0.618771 0.678953 0.665459 0.788524 0.686334 0.502405 0.562264 0.712945 0.658563 0.587571 0.560091 0.562328 0.533121 0.717268
0.493779 0.616715 0.751266 0.557562 0.767281 0.662457 0.614722 0.594105 0.736593 0.646211 0.763384 0.595839 0.568347 0.649265 0.664335 0.712791 0.637949 0.608451 0.651675 0.699347 0.604414 0.780597 0.603008 0.655920 0.640577 0.531112 0.544216 0.755497 0.579778 0.685850 0.617767 0.724260 0.461349 0.459877 0.558175 0.594311 0.759604 0.550776 0.757781 0.609546 0.504236 0.444519 0.645250 0.663359 0.726534 0.662369 0.640661 0.596233 0.638083 0.667794 0.452880 0.462652 0.611476 0.506380 0.584769 0.461798 0.454083 0.552869 0.495792 0.511464 0.579303 0.638336 0.643314 0.600446 0.547775 0.370994 0.382959 0.487820
0.579657 0.827691 1.290374 0.696965 1.297100 0.764869 0.418589 0.766291 0.972043 0.995142 1.067778 0.877309 0.498332 0.689214 0.940570 1.046030 0.739797 0.738442 0.882957 1.136087 0.600833 1.028361 0.528506 0.756195 0.639971 0.724844 0.520995 1.102474 0.524875 0.532793 0.724260 0.748955 0.532320 0.314411 0.498986 0.788831 1.302977 0.719644 1.285934 0.800268 0.371023 0.455754 0.742046 1.047863 1.042984 1.075308 0.583517 0.588091 0.899053 0.900665 0.349729 0.466587 0.771943 0.557794 0.642271 0.460301 0.462569 0.572035 0.576444 0.432028 0.632478 0.778824 0.856414 0.573036 0.536240 0.286836 0.334801 0.615109
0.793808 0.646030 0.549050 0.660353 0.641051 0.577228 0.294958 0.792534 0.694839 0.685925 0.630713 0.947351 0.438831 0.438232 0.591603 0.769662 0.723315 0.795523 0.827631 0.544804 0.513035 0.595306 0.601649 0.611610 0.421012 0.589712 0.677241 0.599057 0.346701 0.536794 0.461349 0.532320 0.625170 0.752034 0.913217 0.629296 0.585626 0.686438 0.660898 0.586214 0.337239 0.877089 0.778412 0.581876 0.608175 0.930485 0.333557 0.415130 0.622269 0.824325 0.464154 0.520177 0.549186 0.502265 0.655539 0.740636 0.731526 0.780643 0.692389 0.524976 0.487506 0.458675 0.476034 0.611627 0.567369 0.620531 0.693569 0.728543
0.664801 0.566376 0.319834 0.617060 0.353495 0.651124 0.430626 0.579882 0.489162 0.483281 0.504304 0.709412 0.544624 0.480357 0.454381 0.487780 0.713083 0.581837 0.706098 0.394634 0.458135 0.476255 0.835740 0.636680 0.562124 0.522659 0.833802 0.490492 0.529916 0.866452 0.459877 0.314411 0.752034 0.579377 0.878344 0.561597 0.323740 0.604153 0.324461 0.634564 0.500854 0.832616 0.693999 0.405491 0.478842 0.570496 0.663809 0.474469 0.472732 0.499512 0.510800 0.543177 0.472069 0.447899 0.529220 0.710268 0.713542 0.797642 0.654267 0.519090 0.495254 0.477067 0.496883 0.564009 0.491714 0.679169 0.703876 0.686183
0.723082 0.775869 0.492505 0.673840 0.547304 0.775656 0.475350 0.700262 0.705921 0.645139 0.754819 0.813252 0.481704 0.611420 0.666331 0.733799 0.840722 0.765792 0.876633 0.588224 0.537109 0.713189 0.761609 0.787569 0.619310 0.658289 0.799570 0.719349 0.596494 0.889742 0.558175 0.498986 0.913217 0.878344 0.684094 0.733395 0.553440 0.684821 0.569089 0.663860 0.463666 0.786116 0.866446 0.561859 0.737596 0.795826 0.669366 0.517609 0.632352 0.768059 0.437868 0.535084 0.548198 0.468315 0.650167 0.742903 0.720546 0.803354 0.664081 0.566827 0.576968 0.627769 0.552221 0.637893 0.555907 0.615741 0.629523 0.780288
0.498738 1.403603 0.841674 0.879287 0.859467 1.134528 0.509840 0.929954 0.689554 1.120763 0.747599 0.774054 0.297090 0.611896 0.884777 0.900958 0.864022 0.764765 0.886245 1.195183 0.470356 0.913728 0.998904 1.009055 0.820540 1.199967 0.620283 1.139541 0.550739 0.702075 0.594311 0.788831 0.629296 0.561597 0.733395 0.791269 0.887018 0.907219 0.848030 1.131348 0.442211 0.922776 0.684383 1.076921 0.802020 0.929401 0.592183 0.440567 0.983731 0.855911 0.431556 0.514903 0.537024 0.392762 0.795843 0.769002 0.786507 0.940995 0.902641 0.515684 0.705150 0.708577 0.646057 0.614489 0.694308 0.600307 0.708400 0.971456
0.599710 0.949937 1.408149 0.717755 1.390301 0.833843 0.430240 0.850423 1.064622 1.106318 1.146899 0.907171 0.460381 0.702855 1.010811 1.131104 0.849703 0.778499 0.971065 1.245875 0.589791 1.133827 0.580555 0.829409 0.648957 0.780835 0.518899 1.206672 0.522678 0.619473 0.759604 1.302977 0.585626 0.323740 0.553440 0.887018 0.794864 0.710063 1.417988 0.822417 0.353154 0.522505 0.815797 1.138494 1.174505 1.178094 0.583397 0.610537 1.016982 1.025638 0.317821 0.448084 0.798431 0.537410 0.698344 0.451404 0.474268 0.630010 0.610845 0.431427 0.679811 0.826442 0.900644 0.602471 0.551855 0.311738 0.312159 0.632237
0.555912 0.892939 0.644090 0.841048 0.728277 0.897384 0.503607 0.842775 0.763463 0.827897 0.645237 0.755154 0.447015 0.485871 0.678198 0.794268 0.695222 0.867618 0.798945 0.732606 0.569608 0.676549 0.831551 0.766537 0.749897 0.886086 0.638257 0.734079 0.461616 0.681091 0.550776 0.719644 0.686438 0.604153 0.684821 0.907219 0.710063 0.699956 0.718698 0.856134 0.522959 0.818473 0.837670 0.799240 0.628583 0.866042 0.488966 0.446197 0.760122 0.745339 0.390694 0.582624 0.595775 0.395719 0.679233 0.805416 0.745607 0.917446 0.796595 0.624316 0.578026 0.588747 0.626155 0.562994 0.569810 0.619262 0.749411 0.838737
0.652815 0.909596 1.375475 0.708052 1.396747 0.790050 0.410673 0.888436 1.089061 1.093881 1.145125 0.952346 0.462891 0.693308 1.009924 1.128711 0.851005 0.787416 1.009256 1.207955 0.590285 1.118826 0.557117 0.836982 0.638216 0.774490 0.513337 1.167403 0.500732 0.579660 0.757781 1.285934 0.660898 0.324461 0.569089 0.848030 1.417988 0.718698 0.795370 0.806280 0.334216 0.559135 0.824626 1.138932 1.176784 1.213901 0.562888 0.589322 1.003850 1.012538 0.319911 0.439051 0.790473 0.547692 0.713719 0.494432 0.538340 0.668629 0.653522 0.420129 0.669795 0.800236 0.900730 0.609436 0.552387 0.328688 0.380395 0.645390
0.605267 1.092006 0.865025 0.971538 0.859222 1.276118 0.553499 1.006371 0.724805 1.083214 0.707622 0.949809 0.353843 0.605309 0.762256 0.812721 0.942346 0.665667 0.873741 1.042013 0.481828 0.836021 1.203267 0.987506 0.938352 0.994980 0.645211 0.928714 0.658979 0.793627 0.609546 0.800268 0.586214 0.634564 0.663860 1.131348 0.822417 0.856134 0.806280 0.791165 0.533992 0.943696 0.642163 1.078600 0.749434 0.891063 0.623034 0.417818 0.860489 0.737594 0.545487 0.525517 0.597133 0.454125 0.744954 0.749175 0.855821 1.018377 1.076007 0.400114 0.619523 0.713597 0.685605 0.568893 0.716060 0.596540 0.677769 0.908932
0.430404 0.437193 0.361340 0.570234 0.338335 0.564169 0.818020 0.409808 0.530358 0.313849 0.427242 0.369003 0.578635 0.519241 0.526376 0.403687 0.458318 0.509677 0.346624 0.316147 0.536886 0.385569 0.562251 0.473519 0.671263 0.373645 0.556336 0.361343 0.735373 0.623037 0.504236 0.371023 0.337239 0.500854 0.463666 0.442211 0.353154 0.522959 0.334216 0.533992 0.487900 0.410719 0.537813 0.325710 0.426808 0.302976 0.586101 0.536013 0.493589 0.474195 0.567555 0.579254 0.482835 0.490537 0.488618 0.523719 0.527714 0.518171 0.549244 0.572714 0.487237 0.541921 0.525339 0.444150 0.449507 0.561753 0.499181 0.459758
0.670495 0.858910 0.522682 0.768724 0.583247 0.864847 0.382285 1.058890 0.663783 0.805789 0.459084 0.865709 0.295548 0.421635 0.550323 0.653411 0.786132 0.732427 0.877474 0.674758 0.435739 0.564738 0.982668 0.716428 0.670242 0.856742 0.664751 0.614113 0.425613 0.620956 0.444519 0.455754 0.877089 0.832616 0.786116 0.922776 0.522505 0.818473 0.559135 0.943696 0.410719 0.668970 0.760156 0.722934 0.510314 0.834504 0.402694 0.375188 0.695751 0.635109 0.500329 0.525498 0.514363 0.376166 0.678462 0.911177 0.853270 1.068080 0.977019 0.512669 0.515973 0.429995 0.472641 0.586744 0.628020 0.747145 0.908553 0.892416
0.578107 0.713842 0.736720 0.631840 0.828861 0.753807 0.533090 0.763493 1.082342 0.651126 0.904246 0.801983 0.510822 0.581614 0.807966 0.880297 0.769695 0.944731 0.947182 0.633830 0.579702 0.754493 0.688012 0.697765 0.692896 0.707142 0.758460 0.717844 0.525577 0.852809 0.645250 0.742046 0.778412 0.693999 0.866446 0.684383 0.815797 0.837670 0.824626 0.642163 0.537813 0.760156 0.717049 0.603996 0.829472 0.841391 0.612290 0.596839 0.745361 0.840661 0.387750 0.540206 0.689282 0.472926 0.707613 0.793158 0.721469 0.846363 0.667997 0.664820 0.603375 0.661204 0.723354 0.670951 0.440758 0.558770 0.625520 0.710705
0.584472 1.062654 1.092086 0.804564 1.140815 0.996732 0.402957 0.932721 0.856317 1.379565 0.837380 0.942552 0.363826 0.720722 0.752917 0.927938 0.824275 0.671416 0.953794 1.282089 0.534336 1.017823 0.922283 1.000389 0.682511 1.165956 0.499812 1.091631 0.498549 0.625165 0.663359 1.047863 0.581876 0.405491 0.561859 1.076921 1.138494 0.799240 1.138932 1.078600 0.325710 0.722934 0.603996 0.788988 0.911719 1.109334 0.541431 0.464786 0.886139 0.819806 0.356960 0.404678 0.736810 0.493086 0.711786 0.547185 0.623197 0.829819 0.874843 0.394846 0.651440 0.756448 0.798364 0.563069 0.611125 0.409091 0.568650 0.794648
0.695651 0.891811 1.152977 0.633963 1.150985 0.825385 0.477024 0.810639 1.009231 0.922584 1.253670 0.888657 0.488076 0.784139 1.003497 1.024915 0.994979 0.749224 0.963585 1.077693 0.599996 1.086637 0.590839 0.827265 0.637701 0.659940 0.596835 1.121702 0.620452 0.814683 0.726534 1.042984 0.608175 0.478842 0.737596 0.802020 1.174505 0.628583 1.176784 0.749434 0.426808 0.510314 0.829472 0.911719 0.784178 1.040877 0.710351 0.662909 0.955799 0.980986 0.376780 0.467022 0.754101 0.567270 0.684888 0.484341 0.531116 0.609666 0.596762 0.450746 0.707105 0.838306 0.831805 0.660935 0.557219 0.346017 0.342533 0.645046
0.744311 0.982372 1.109133 0.797747 1.187721 0.849643 0.321761 1.019062 0.980115 1.111141 0.999965 1.157491 0.420890 0.614287 0.936191 1.075971 0.965189 0.858316 1.069693 1.079900 0.539573 1.011786 0.776399 0.880879 0.617364 0.841994 0.651695 1.086886 0.445875 0.680655 0.662369 1.075308 0.930485 0.570496 0.795826 0.929401 1.178094 0.866042 1.213901 0.891063 0.302976 0.834504 0.841391 1.109334 1.040877 0.813670 0.448300 0.519033 0.989623 1.042114 0.361206 0.511127 0.719305 0.470876 0.773021 0.674380 0.657010 0.872226 0.826495 0.481019 0.644435 0.743946 0.773461 0.634098 0.647036 0.428932 0.545372 0.835261
0.431952 0.627644 0.602531 0.526125 0.562590 0.713028 0.641847 0.422517 0.604480 0.514364 0.750263 0.474954 0.706536 0.689615 0.610904 0.550767 0.648300 0.520607 0.625109 0.619055 0.545733 0.722214 0.676734 0.734074 0.708434 0.542801 0.711199 0.680229 0.825253 0.913921 0.640661 0.583517 0.333557 0.663809 0.669366 0.592183 0.583397 0.488966 0.562888 0.623034 0.586101 0.402694 0.612290 0.541431 0.710351 0.448300 0.610570 0.596668 0.556585 0.536738 0.475411 0.494488 0.570267 0.530555 0.535986 0.512535 0.519296 0.512820 0.467162 0.488326 0.572504 0.677220 0.627809 0.593232 0.516009 0.480764 0.465459 0.553263
0.474433 0.479695 0.585393 0.445442 0.596350 0.487668 0.596835 0.500398 0.634068 0.462527 0.647637 0.479970 0.542943 0.582146 0.560767 0.576191 0.540885 0.560155 0.527769 0.542489 0.594012 0.641014 0.412018 0.518838 0.499109 0.414532 0.537445 0.600673 0.585693 0.589216 0.596233 0.588091 0.415130 0.474469 0.517609 0.440567 0.610537 0.446197 0.589322 0.417818 0.536013 0.375188 0.596839 0.464786 0.662909 0.519033 0.596668 0.539081 0.517786 0.625877 0.495008 0.517006 0.575606 0.541543 0.489568 0.423158 0.391934 0.434253 0.459059 0.507172 0.523862 0.600086 0.545639 0.542075 0.433683 0.434754 0.345670 0.440881
0.605736 1.026693 0.982465 0.758981 0.985312 0.905258 0.501057 0.864909 0.854137 0.886526 0.878571 0.835660 0.404911 0.576112 1.016101 0.951091 0.855800 0.782132 0.879437 0.955946 0.529886 0.895626 0.751204 0.866814 0.714636 0.749646 0.597022 0.991281 0.556871 0.701474 0.638083 0.899053 0.622269 0.472732 0.632352 0.983731 1.016982 0.760122 1.003850 0.860489 0.493589 0.695751 0.745361 0.886139 0.955799 0.989623 0.556585 0.517786 0.754735 0.937746 0.439445 0.509007 0.598698 0.452760 0.726998 0.659337 0.686924 0.814231 0.775137 0.510248 0.670257 0.702576 0.685479 0.612054 0.636650 0.500216 0.570356 0.810857
0.642164 0.920909 0.958565 0.700067 1.004611 0.796479 0.487289 0.864478 0.923098 0.893955 0.953378 0.889026 0.458205 0.628896 0.925846 0.988686 0.788666 0.840177 0.861413 0.919346 0.589843 0.902624 0.569039 0.772512 0.612553 0.665154 0.679713 0.981896 0.525128 0.649140 0.667794 0.900665 0.824325 0.499512 0.768059 0.855911 1.025638 0.745339 1.012538 0.737594 0.474195 0.635109 0.840661 0.819806 0.980986 1.042114 0.536738 0.625877 0.937746 0.741872 0.395914 0.534312 0.650631 0.491983 0.710407 0.568082 0.544174 0.713118 0.644866 0.568502 0.624470 0.727353 0.723682 0.631173 0.552894 0.428225 0.480616 0.668256
0.514649 0.407905 0.360904 0.533267 0.323376 0.488430 0.593027 0.457867 0.366818 0.347793 0.327954 0.444837 0.459185 0.456928 0.427759 0.357432 0.497278 0.403879 0.352508 0.366858 0.494450 0.385344 0.522724 0.466652 0.512887 0.380098 0.469781 0.367840 0.557857 0.477004 0.452880 0.349729 0.464154 0.510800 0.437868 0.431556 0.317821 0.390694 0.319911 0.545487 0.567555 0.500329 0.387750 0.356960 0.376780 0.361206 0.475411 0.495008 0.439445 0.395914 0.456315 0.540622 0.442679 0.479136 0.472538 0.531638 0.551364 0.490468 0.540873 0.426641 0.408693 0.465158 0.383438 0.419959 0.573322 0.541128 0.481820 0.478278
0.466050 0.501342 0.452518 0.498358 0.437602 0.565785 0.566843 0.494292 0.506652 0.421658 0.465784 0.490175 0.529654 0.452107 0.571606 0.492402 0.475023 0.544144 0.496573 0.430627 0.573219 0.485296 0.491267 0.461440 0.558637 0.447437 0.553454 0.474036 0.494357 0.526967 0.462652 0.466587 0.520177 0.543177 0.535084 0.514903 0.448084 0.582624 0.439051 0.525517 0.579254 0.525498 0.540206 0.404678 0.467022 0.511127 0.494488 0.517006 0.509007 0.534312 0.540622 0.514852 0.495177 0.501850 0.554703 0.595360 0.548573 0.579643 0.524479 0.552466 0.516870 0.516951 0.480809 0.513168 0.500471 0.511032 0.548715 0.522509
0.607043 0.549842 0.781409 0.548220 0.777161 0.613288 0.496657 0.615725 0.796857 0.725450 0.772000 0.711011 0.524232 0.651529 0.589652 0.726263 0.637525 0.640074 0.734551 0.698119 0.578827 0.721595 0.563916 0.635525 0.546481 0.599845 0.554653 0.661291 0.532697 0.615403 0.611476 0.771943 0.549186 0.472069 0.548198 0.537024 0.798431 0.595775 0.790473 0.597133 0.482835 0.514363 0.689282 0.736810 0.754101 0.719305 0.570267 0.575606 0.598698 0.650631 0.442679 0.495177 0.629297 0.584589 0.611182 0.503629 0.542470 0.618296 0.560230 0.523543 0.539537 0.692781 0.685529 0.614746 0.500850 0.498568 0.490075 0.564962
0.543275 0.418412 0.555537 0.456272 0.550813 0.396422 0.499653 0.427179 0.519334 0.478470 0.590667 0.520293 0.522350 0.572419 0.495981 0.508853 0.494157 0.465912 0.478418 0.511322 0.518495 0.599197 0.393483 0.493284 0.430116 0.404687 0.537429 0.537235 0.583202 0.473595 0.506380 0.557794 0.502265 0.447899 0.468315 0.392762 0.537410 0.395719 0.547692 0.454125 0.490537 0.376166 0.472926 0.493086 0.567270 0.470876 0.530555 0.541543 0.452760 0.491983 0.479136 0.501850 0.584589 0.505387 0.529715 0.418162 0.470783 0.379600 0.412733 0.429302 0.523704 0.545532 0.572158 0.506744 0.467450 0.471089 0.438832 0.445729
0.550177 0.798788 0.690971 0.649163 0.693625 0.745426 0.604154 0.699796 0.713419 0.705591 0.680914 0.719496 0.471173 0.583280 0.757490 0.715660 0.723970 0.680241 0.725574 0.711891 0.509204 0.722750 0.675956 0.666562 0.625884 0.695173 0.562386 0.750024 0.540517 0.618771 0.584769 0.642271 0.655539 0.529220 0.650167 0.795843 0.698344 0.679233 0.713719 0.744954 0.488618 0.678462 0.707613 0.711786 0.684888 0.773021 0.535986 0.489568 0.726998 0.710407 0.472538 0.554703 0.611182 0.529715 0.658060 0.648499 0.663554 0.758911 0.750701 0.590008 0.631866 0.613939 0.606760 0.520629 0.625029 0.497253 0.578351 0.680545
0.594949 0.707112 0.425881 0.757127 0.498023 0.800179 0.496435 0.805665 0.656137 0.558417 0.505351 0.698100 0.416529 0.406999 0.583960 0.600754 0.715903 0.741075 0.746334 0.489008 0.459049 0.450143 0.808784 0.707839 0.755902 0.794733 0.687814 0.492294 0.480691 0.678953 0.461798 0.460301 0.740636 0.710268 0.742903 0.769002 0.451404 0.805416 0.494432 0.749175 0.523719 0.911177 0.793158 0.547185 0.484341 0.674380 0.512535 0.423158 0.659337 0.568082 0.531638 0.595360 0.503629 0.418162 0.648499 0.639332 1.069334 1.013843 0.912781 0.516212 0.538573 0.444412 0.479219 0.576147 0.633464 0.827448 0.943655 0.840952
0.611842 0.737230 0.478338 0.762050 0.531429 0.877414 0.470979 0.819183 0.635449 0.642644 0.497001 0.781177 0.427847 0.424037 0.607373 0.605065 0.781336 0.674709 0.776892 0.541481 0.496283 0.516753 0.856673 0.802973 0.752066 0.778862 0.623871 0.520486 0.515315 0.665459 0.454083 0.462569 0.731526 0.713542 0.720546 0.786507 0.474268 0.745607 0.538340 0.855821 0.527714 0.853270 0.721469 0.623197 0.531116 0.657010 0.519296 0.391934 0.686924 0.544174 0.551364 0.548573 0.542470 0.470783 0.663554 1.069334 0.655805 1.015803 0.996109 0.470846 0.550403 0.565038 0.534270 0.551077 0.653372 0.807256 0.923594 0.870805
0.698211 0.882778 0.603678 0.845706 0.690111 1.047571 0.509801 1.017501 0.809771 0.864406 0.589446 0.976127 0.392466 0.512504 0.696913 0.760721 0.896289 0.797225 0.928641 0.685693 0.534531 0.595890 1.063069 0.858247 0.861156 0.913588 0.686212 0.623485 0.511164 0.788524 0.552869 0.572035 0.780643 0.797642 0.803354 0.940995 0.630010 0.917446 0.668629 1.018377 0.518171 1.068080 0.846363 0.829819 0.609666 0.872226 0.512820 0.434253 0.814231 0.713118 0.490468 0.579643 0.618296 0.379600 0.758911 1.013843 1.015803 0.750484 1.205556 0.539218 0.547563 0.628735 0.616320 0.589860 0.659941 0.803495 0.947636 1.000333
0.684155 0.837968 0.614372 0.855631 0.684441 1.020863 0.528966 1.043732 0.757998 0.850102 0.516232 0.932544 0.365781 0.509159 0.628769 0.681884 0.893987 0.639929 0.825614 0.723616 0.505545 0.607085 1.029461 0.860177 0.836189 0.882929 0.578893 0.610957 0.578917 0.686334 0.495792 0.576444 0.692389 0.654267 0.664081 0.902641 0.610845 0.796595 0.653522 1.076007 0.549244 0.977019 0.667997 0.874843 0.596762 0.826495 0.467162 0.459059 0.775137 0.644866 0.540873 0.524479 0.560230 0.412733 0.750701 0.912781 0.996109 1.205556 0.719332 0.446842 0.549267 0.637000 0.619887 0.556953 0.669499 0.707958 0.861326 0.927795
0.384323 0.503816 0.378766 0.428943 0.424942 0.466042 0.539781 0.457904 0.552122 0.409773 0.464961 0.422848 0.535565 0.468868 0.502192 0.517045 0.437687 0.646284 0.493503 0.401471 0.594951 0.448775 0.448004 0.475077 0.527372 0.511935 0.524906 0.430367 0.428300 0.502405 0.511464 0.432028 0.524976 0.519090 0.566827 0.515684 0.431427 0.624316 0.420129 0.400114 0.572714 0.512669 0.664820 0.394846 0.450746 0.481019 0.488326 0.507172 0.510248 0.568502 0.426641 0.552466 0.523543 0.429302 0.590008 0.516212 0.470846 0.539218 0.446842 0.499027 0.491329 0.521464 0.514216 0.558653 0.503660 0.555193 0.544170 0.500537
0.547685 0.733179 0.681670 0.571574 0.669173 0.652444 0.501103 0.569311 0.598535 0.648462 0.707808 0.551609 0.491880 0.534173 0.693638 0.644303 0.614418 0.523899 0.588397 0.715061 0.529621 0.673243 0.546560 0.626854 0.602645 0.644659 0.534495 0.746800 0.505439 0.562264 0.579303 0.632478 0.487506 0.495254 0.576968 0.705150 0.679811 0.578026 0.669795 0.619523 0.487237 0.515973 0.603375 0.651440 0.707105 0.644435 0.572504 0.523862 0.670257 0.624470 0.408693 0.516870 0.539537 0.523704 0.631866 0.538573 0.550403 0.547563 0.549267 0.491329 0.601923 0.624958 0.628986 0.585709 0.470717 0.502167 0.470997 0.592265
0.553062 0.740873 0.816078 0.603486 0.836277 0.774829 0.584891 0.672168 0.783356 0.751404 0.871142 0.716828 0.565900 0.716831 0.744062 0.795275 0.748181 0.644154 0.721547 0.825634 0.565544 0.812929 0.603153 0.753469 0.703982 0.598536 0.567597 0.842765 0.647416 0.712945 0.638336 0.778824 0.458675 0.477067 0.627769 0.708577 0.826442 0.588747 0.800236 0.713597 0.541921 0.429995 0.661204 0.756448 0.838306 0.743946 0.677220 0.600086 0.702576 0.727353 0.465158 0.516951 0.692781 0.545532 0.613939 0.444412 0.565038 0.628735 0.637000 0.521464 0.624958 0.679466 0.805424 0.589777 0.522354 0.426461 0.401399 0.619523
0.526900 0.664599 0.905555 0.562900 0.910707 0.705575 0.533961 0.672881 0.826012 0.794135 0.891671 0.731726 0.569022 0.644261 0.729846 0.788212 0.697690 0.675452 0.785136 0.831897 0.605911 0.825174 0.566063 0.740679 0.655305 0.637503 0.576044 0.823354 0.610895 0.658563 0.643314 0.856414 0.476034 0.496883 0.552221 0.646057 0.900644 0.626155 0.900730 0.685605 0.525339 0.472641 0.723354 0.798364 0.831805 0.773461 0.627809 0.545639 0.685479 0.723682 0.383438 0.480809 0.685529 0.572158 0.606760 0.479219 0.534270 0.616320 0.619887 0.514216 0.628986 0.805424 0.671646 0.568671 0.438708 0.423241 0.441270 0.566835
0.563451 0.623875 0.572504 0.540117 0.616002 0.622204 0.469064 0.612541 0.678284 0.593247 0.656745 0.629067 0.580836 0.581923 0.593086 0.691480 0.651825 0.637027 0.674311 0.596561 0.515072 0.570325 0.554557 0.575758 0.535530 0.582265 0.596318 0.617866 0.457117 0.587571 0.600446 0.573036 0.611627 0.564009 0.637893 0.614489 0.602471 0.562994 0.609436 0.568893 0.444150 0.586744 0.670951 0.563069 0.660935 0.634098 0.593232 0.542075 0.612054 0.631173 0.419959 0.513168 0.614746 0.506744 0.520629 0.576147 0.551077 0.589860 0.556953 0.558653 0.585709 0.589777 0.568671 0.593732 0.517679 0.499720 0.541409 0.640096
0.562037 0.696966 0.570777 0.658674 0.573659 0.705355 0.480504 0.676246 0.500035 0.617092 0.523352 0.678392 0.475997 0.494364 0.618885 0.581725 0.674223 0.499624 0.543773 0.610247 0.485198 0.557464 0.681929 0.651799 0.558441 0.568023 0.540388 0.608425 0.525391 0.560091 0.547775 0.536240 0.567369 0.491714 0.555907 0.694308 0.551855 0.569810 0.552387 0.716060 0.449507 0.628020 0.440758 0.611125 0.557219 0.647036 0.516009 0.433683 0.636650 0.552894 0.573322 0.500471 0.500850 0.467450 0.625029 0.633464 0.653372 0.659941 0.669499 0.503660 0.470717 0.522354 0.438708 0.517679 0.583278 0.521503 0.594454 0.633242
