0.527208 0.571062 0.575263 0.546701 0.590498 0.553751 0.511024 0.571454 0.546673 0.603519 0.557365 0.591970 0.505558 0.508117 0.538698 0.552101 0.549259 0.535420 0.556237 0.563490 0.508861 0.554493 0.580312 0.554993 0.522393 0.558124 0.522931 0.570193 0.506369 0.539462 0.517135 0.539030 0.559198 0.518551 0.542821 0.570302 0.565444 0.547561 0.584995 0.565709 0.509264 0.567157 0.578380 0.596996 0.552432 0.591760 0.507174 0.505018 0.530645 0.553914 0.503197 0.502899 0.508142 0.505322 0.540207 0.526952 0.527848 0.615125 0.594277 0.514170 0.514166 0.515979 0.514484 0.505408 0.506119 0.524164 0.526284 0.532003
0.571062 0.679763 0.689310 0.620616 0.723479 0.638073 0.528956 0.680502 0.620521 0.751034 0.646963 0.726648 0.514578 0.521291 0.600598 0.634124 0.627031 0.592153 0.644148 0.661762 0.523273 0.639921 0.700764 0.641155 0.558670 0.648766 0.560018 0.677623 0.516733 0.602414 0.544974 0.601496 0.651428 0.548625 0.610959 0.677853 0.666462 0.622844 0.711475 0.667034 0.524337 0.670415 0.696636 0.737452 0.634931 0.726276 0.518852 0.513163 0.579953 0.638608 0.508402 0.507603 0.521407 0.513990 0.604306 0.570388 0.572723 0.774152 0.731515 0.537142 0.537138 0.541875 0.538030 0.514216 0.516048 0.563152 0.568659 0.583449
0.575263 0.689310 0.699764 0.627557 0.735156 0.646163 0.530650 0.690205 0.627568 0.763249 0.655279 0.738153 0.515467 0.522611 0.606413 0.641756 0.634276 0.597639 0.652231 0.670722 0.524648 0.648017 0.711545 0.649113 0.562079 0.657368 0.563542 0.687187 0.517729 0.608380 0.547616 0.607314 0.659933 0.551479 0.617310 0.687446 0.675693 0.629886 0.722641 0.676279 0.525775 0.679727 0.707033 0.749424 0.642650 0.737794 0.519968 0.513960 0.584586 0.646451 0.508896 0.508074 0.522702 0.514832 0.610456 0.574647 0.576955 0.786885 0.743455 0.539376 0.539395 0.544393 0.540258 0.515052 0.517030 0.566938 0.572710 0.588357
0.546701 0.620616 0.627557 0.579891 0.652396 0.591757 0.518959 0.621288 0.579809 0.673228 0.597834 0.654728 0.509565 0.513962 0.566324 0.589010 0.584179 0.560746 0.595947 0.608116 0.515242 0.593008 0.635896 0.593863 0.538484 0.599082 0.539388 0.619219 0.510961 0.567592 0.529445 0.566875 0.600895 0.531884 0.573292 0.619350 0.611385 0.581325 0.643509 0.611795 0.515942 0.614188 0.632683 0.662905 0.589601 0.654496 0.512352 0.508630 0.552599 0.592029 0.505506 0.504988 0.514012 0.509155 0.568832 0.546265 0.547808 0.691405 0.658528 0.524378 0.524363 0.527463 0.524917 0.509304 0.510530 0.541502 0.545127 0.554928
0.590498 0.723479 0.735156 0.652396 0.774219 0.674051 0.536959 0.724421 0.652420 0.804176 0.684619 0.777379 0.518647 0.527254 0.627598 0.668997 0.660309 0.617165 0.681121 0.702345 0.529741 0.676250 0.748266 0.677465 0.574746 0.687006 0.576490 0.721023 0.521390 0.629857 0.557402 0.628646 0.690074 0.562043 0.640407 0.721303 0.708021 0.655205 0.760468 0.708676 0.531086 0.712649 0.743389 0.789555 0.670007 0.777057 0.524114 0.516832 0.601644 0.674439 0.510737 0.509736 0.527402 0.517895 0.632290 0.589801 0.592593 0.828714 0.783141 0.547441 0.547466 0.553488 0.548557 0.518179 0.520535 0.580555 0.587468 0.606136
0.553751 0.638073 0.646163 0.591757 0.674051 0.605542 0.521821 0.638752 0.591771 0.696978 0.612323 0.676431 0.511006 0.516097 0.576298 0.602256 0.596705 0.569924 0.610021 0.623933 0.517543 0.606911 0.655312 0.607713 0.544285 0.613903 0.545331 0.636447 0.512617 0.577720 0.533934 0.576958 0.615799 0.536689 0.584239 0.636643 0.627711 0.593475 0.664089 0.628144 0.518348 0.630741 0.651790 0.685601 0.602928 0.676158 0.514210 0.509933 0.560467 0.605744 0.506330 0.505745 0.516163 0.510557 0.579243 0.553313 0.554958 0.716961 0.680734 0.528045 0.528062 0.531627 0.528675 0.510710 0.512119 0.547766 0.551910 0.563201
0.511024 0.528956 0.530650 0.518959 0.536959 0.521821 0.504470 0.529109 0.518928 0.542439 0.523316 0.537590 0.502251 0.503287 0.515704 0.521171 0.519991 0.514359 0.522851 0.525845 0.503590 0.522126 0.532753 0.522354 0.509086 0.523608 0.509294 0.528601 0.502581 0.516001 0.506944 0.515845 0.524053 0.507516 0.517375 0.528630 0.526652 0.519301 0.534716 0.526749 0.503757 0.527330 0.531958 0.539707 0.521317 0.537530 0.502907 0.502031 0.512430 0.521908 0.501297 0.501173 0.503299 0.502156 0.516296 0.510909 0.511281 0.547318 0.538541 0.505744 0.505740 0.506470 0.505873 0.502190 0.502478 0.509785 0.510647 0.512981
0.571454 0.680502 0.690205 0.621288 0.724421 0.638752 0.529109 0.681453 0.621153 0.752134 0.647673 0.727691 0.514689 0.521435 0.601024 0.634735 0.627633 0.592635 0.644938 0.662568 0.523399 0.640584 0.701862 0.641899 0.558952 0.649463 0.560335 0.678505 0.516829 0.602960 0.545154 0.601870 0.652098 0.548880 0.611486 0.678716 0.667241 0.623388 0.712376 0.667856 0.524475 0.671291 0.697397 0.738501 0.635589 0.727291 0.518953 0.513257 0.580385 0.639189 0.508454 0.507660 0.521497 0.514057 0.604815 0.570752 0.573113 0.775342 0.732664 0.537404 0.537378 0.542128 0.538217 0.514283 0.516168 0.563537 0.569057 0.583878
0.546673 0.620521 0.627568 0.579809 0.652420 0.591771 0.518928 0.621153 0.579812 0.673091 0.597778 0.654660 0.509546 0.513949 0.566275 0.588938 0.584162 0.560715 0.595859 0.607979 0.515224 0.593013 0.635776 0.593758 0.538420 0.599109 0.539350 0.619069 0.510942 0.567561 0.529432 0.566827 0.600887 0.531853 0.573252 0.619262 0.611250 0.581311 0.643420 0.611687 0.515909 0.614089 0.632646 0.662773 0.589486 0.654339 0.512331 0.508619 0.552525 0.591992 0.505490 0.504982 0.514002 0.509147 0.568853 0.546280 0.547773 0.691285 0.658455 0.524326 0.524330 0.527443 0.524876 0.509297 0.510513 0.541478 0.545093 0.554863
0.603519 0.751034 0.763249 0.673228 0.804176 0.696978 0.542439 0.752134 0.673091 0.834977 0.708759 0.807706 0.521427 0.531277 0.645381 0.691560 0.681900 0.633616 0.705027 0.728225 0.534137 0.699418 0.777367 0.701024 0.585650 0.711199 0.587608 0.748482 0.524564 0.647958 0.565768 0.646567 0.714630 0.571115 0.659790 0.748720 0.734325 0.676190 0.790076 0.735042 0.535706 0.739360 0.772068 0.820111 0.692725 0.807382 0.527678 0.519336 0.616227 0.697526 0.512343 0.511180 0.531414 0.520533 0.650582 0.602596 0.605893 0.859266 0.813505 0.554474 0.554458 0.561332 0.555705 0.520859 0.523587 0.592200 0.600088 0.621247
0.557365 0.646963 0.655279 0.597834 0.684619 0.612323 0.523316 0.647673 0.597778 0.708759 0.619616 0.687258 0.511754 0.517174 0.581388 0.608960 0.603075 0.574560 0.617249 0.631960 0.518742 0.613816 0.665037 0.614778 0.547303 0.621183 0.548403 0.645236 0.513479 0.582891 0.536230 0.582094 0.623305 0.539188 0.589849 0.645414 0.635924 0.599633 0.674204 0.636389 0.519604 0.639188 0.661354 0.696820 0.609667 0.686986 0.515185 0.510608 0.564564 0.612645 0.506767 0.506132 0.517250 0.511270 0.584455 0.556851 0.558689 0.729555 0.691675 0.529953 0.529953 0.533761 0.530637 0.511443 0.512940 0.550976 0.555416 0.567441
0.591970 0.726648 0.738153 0.654728 0.777379 0.676431 0.537590 0.727691 0.654660 0.807706 0.687258 0.780937 0.518969 0.527697 0.629448 0.671402 0.662679 0.618873 0.683855 0.705203 0.530230 0.678663 0.751528 0.680143 0.575953 0.689538 0.577746 0.724209 0.521741 0.631880 0.558300 0.630531 0.692686 0.563053 0.642569 0.724523 0.710830 0.657431 0.763684 0.711578 0.531603 0.715665 0.746494 0.792873 0.672406 0.780419 0.524481 0.517128 0.603290 0.676925 0.510915 0.509897 0.527792 0.518174 0.634284 0.591127 0.594066 0.832243 0.786449 0.548252 0.548246 0.554380 0.549324 0.518463 0.520883 0.581849 0.588894 0.607746
0.505558 0.514578 0.515467 0.509565 0.518647 0.511006 0.502251 0.514689 0.509546 0.521427 0.511754 0.518969 0.501139 0.501661 0.507903 0.510666 0.510071 0.507241 0.511528 0.513035 0.501809 0.511155 0.516551 0.511275 0.504574 0.511904 0.504683 0.514424 0.501302 0.508067 0.503491 0.507966 0.512118 0.503786 0.508750 0.514435 0.513439 0.509719 0.517510 0.513492 0.501894 0.513788 0.516095 0.520047 0.510748 0.518940 0.501465 0.501027 0.506265 0.511029 0.500654 0.500594 0.501660 0.501086 0.508211 0.505500 0.505685 0.523909 0.519478 0.502903 0.502899 0.503265 0.502958 0.501102 0.501253 0.504938 0.505370 0.506543
0.508117 0.521291 0.522611 0.513962 0.527254 0.516097 0.503287 0.521435 0.513949 0.531277 0.517174 0.527697 0.501661 0.502426 0.511547 0.515583 0.514711 0.510579 0.516823 0.519033 0.502640 0.516307 0.524157 0.516462 0.506678 0.517411 0.506837 0.521055 0.501900 0.511781 0.505103 0.511645 0.517704 0.505527 0.512780 0.521079 0.519631 0.514200 0.525594 0.519704 0.502764 0.520122 0.523516 0.529271 0.515700 0.527648 0.502137 0.501498 0.509142 0.516123 0.500954 0.500866 0.502428 0.501587 0.512005 0.508038 0.508294 0.534887 0.528437 0.504234 0.504232 0.504767 0.504317 0.501609 0.501828 0.507209 0.507838 0.509555
0.538698 0.600598 0.606413 0.566324 0.627598 0.576298 0.515704 0.601024 0.566275 0.645381 0.581388 0.629448 0.507903 0.511547 0.555124 0.574042 0.569965 0.550416 0.579741 0.590017 0.512627 0.577368 0.613380 0.578011 0.531919 0.582448 0.532642 0.599326 0.509077 0.556079 0.524434 0.555606 0.584011 0.526425 0.560870 0.599424 0.592815 0.567620 0.620000 0.593111 0.513204 0.595094 0.610874 0.636565 0.574522 0.629350 0.510243 0.507131 0.543614 0.576582 0.504559 0.504123 0.511631 0.507589 0.557132 0.538369 0.539642 0.661094 0.632722 0.520160 0.520160 0.522730 0.520663 0.507716 0.508702 0.534371 0.537387 0.545578
0.552101 0.634124 0.641756 0.589010 0.668997 0.602256 0.521171 0.634735 0.588938 0.691560 0.608960 0.671402 0.510666 0.515583 0.574042 0.599226 0.593804 0.567785 0.606773 0.620321 0.517018 0.603639 0.650789 0.604517 0.542985 0.610374 0.543962 0.632515 0.512239 0.575355 0.532911 0.574689 0.612358 0.535591 0.581722 0.632645 0.623990 0.590677 0.659330 0.624382 0.517805 0.626943 0.647441 0.680422 0.599886 0.671244 0.513798 0.509623 0.558678 0.602588 0.506147 0.505564 0.515673 0.510234 0.576768 0.551640 0.553326 0.711129 0.675562 0.527192 0.527190 0.530643 0.527837 0.510394 0.511742 0.546289 0.550331 0.561310
0.549259 0.627031 0.634276 0.584179 0.660309 0.596705 0.519991 0.627633 0.584162 0.681900 0.603075 0.662679 0.510071 0.514711 0.569965 0.593804 0.588788 0.564058 0.601080 0.613803 0.516080 0.598046 0.642891 0.598853 0.540577 0.604425 0.541546 0.625457 0.511554 0.571284 0.531090 0.570554 0.606379 0.533643 0.577306 0.625652 0.617230 0.585793 0.650894 0.617685 0.516800 0.620238 0.639725 0.671136 0.594359 0.662364 0.513030 0.509095 0.555455 0.597019 0.505799 0.505254 0.514787 0.509657 0.572626 0.548837 0.550455 0.700805 0.666584 0.525669 0.525670 0.528963 0.526279 0.509825 0.511091 0.543772 0.547600 0.557907
0.535420 0.592153 0.597639 0.560746 0.617165 0.569924 0.514359 0.592635 0.560715 0.633616 0.574560 0.618873 0.507241 0.510579 0.550416 0.567785 0.564058 0.546155 0.573062 0.582482 0.511548 0.570884 0.604086 0.571463 0.529180 0.575566 0.529862 0.591045 0.508303 0.551345 0.522331 0.550835 0.576948 0.524168 0.555705 0.591143 0.585045 0.561892 0.610116 0.585338 0.512076 0.587167 0.601631 0.625447 0.568239 0.618747 0.509364 0.506532 0.539903 0.570107 0.504170 0.503778 0.510632 0.506940 0.552314 0.535125 0.536268 0.648247 0.621965 0.518462 0.518460 0.520809 0.518889 0.507053 0.507973 0.531472 0.534221 0.541704
0.556237 0.644148 0.652231 0.595947 0.681121 0.610021 0.522851 0.644938 0.595859 0.705027 0.617249 0.683855 0.511528 0.516823 0.579741 0.606773 0.601080 0.573062 0.615057 0.629387 0.518376 0.611527 0.661985 0.612545 0.546346 0.618711 0.547448 0.642484 0.513211 0.581281 0.535482 0.580391 0.620910 0.538427 0.588093 0.642661 0.633213 0.597669 0.670768 0.633729 0.519211 0.636603 0.658264 0.693187 0.607444 0.683531 0.514892 0.510406 0.563314 0.610365 0.506636 0.506013 0.516882 0.511032 0.582754 0.555714 0.557592 0.725640 0.688189 0.529372 0.529352 0.533098 0.530026 0.511222 0.512693 0.549995 0.554356 0.566087
0.563490 0.661762 0.670722 0.608116 0.702345 0.623933 0.525845 0.662568 0.607979 0.728225 0.631960 0.705203 0.513035 0.519033 0.590017 0.620321 0.613803 0.582482 0.629387 0.645512 0.520772 0.625573 0.681383 0.626705 0.552415 0.633607 0.553601 0.659943 0.514945 0.591637 0.540122 0.590789 0.635950 0.543408 0.599297 0.660068 0.649842 0.610034 0.691247 0.650309 0.521742 0.653333 0.677326 0.715538 0.621147 0.705030 0.516840 0.511757 0.571483 0.624317 0.507510 0.506798 0.519119 0.512490 0.593311 0.562895 0.564961 0.750197 0.709987 0.533215 0.533198 0.537394 0.533964 0.512681 0.514348 0.556435 0.561345 0.574661
0.508861 0.523273 0.524648 0.515242 0.529741 0.517543 0.503590 0.523399 0.515224 0.534137 0.518742 0.530230 0.501809 0.502640 0.512627 0.517018 0.516080 0.511548 0.518376 0.520772 0.502886 0.517794 0.526342 0.517963 0.507298 0.518981 0.507469 0.522985 0.502074 0.512865 0.505580 0.512733 0.519352 0.506043 0.513969 0.523010 0.521419 0.515526 0.527899 0.521501 0.503018 0.521983 0.525707 0.531943 0.517130 0.530184 0.502339 0.501632 0.509991 0.517608 0.501042 0.500943 0.502652 0.501732 0.513101 0.508777 0.509078 0.538086 0.531017 0.504614 0.504611 0.505200 0.504721 0.501762 0.501991 0.507869 0.508562 0.510435
0.554493 0.639921 0.648017 0.593008 0.676250 0.606911 0.522126 0.640584 0.593013 0.699418 0.613816 0.678663 0.511155 0.516307 0.577368 0.603639 0.598046 0.570884 0.611527 0.625573 0.517794 0.608334 0.657304 0.609150 0.544906 0.615377 0.545964 0.638245 0.512794 0.578792 0.534412 0.578028 0.617386 0.537214 0.585411 0.638437 0.629382 0.594777 0.666120 0.629828 0.518603 0.632510 0.653806 0.687925 0.604298 0.678403 0.514420 0.510068 0.561319 0.607165 0.506420 0.505822 0.516389 0.510702 0.580312 0.554054 0.555761 0.719602 0.683002 0.528425 0.528438 0.532061 0.529087 0.510869 0.512284 0.548431 0.552641 0.564076
0.580312 0.700764 0.711545 0.635896 0.748266 0.655312 0.532753 0.701862 0.635776 0.777367 0.665037 0.751528 0.516551 0.524157 0.613380 0.650789 0.642891 0.604086 0.661985 0.681383 0.526342 0.657304 0.724099 0.658642 0.566288 0.667084 0.567839 0.698669 0.518954 0.615510 0.550795 0.614280 0.669907 0.554988 0.624958 0.698859 0.686539 0.638221 0.735350 0.687170 0.527557 0.690874 0.719172 0.763164 0.651781 0.751233 0.521356 0.514930 0.590300 0.655663 0.509523 0.508635 0.524228 0.515834 0.617589 0.579594 0.582172 0.801473 0.757045 0.542119 0.542096 0.547416 0.543019 0.516084 0.518220 0.571475 0.577634 0.594264
0.554993 0.641155 0.649113 0.593863 0.677465 0.607713 0.522354 0.641899 0.593758 0.701024 0.614778 0.680143 0.511275 0.516462 0.578011 0.604517 0.598853 0.571463 0.612545 0.626705 0.517963 0.609150 0.658642 0.610169 0.545349 0.616231 0.546401 0.639536 0.512921 0.579484 0.534706 0.578685 0.618288 0.537561 0.586161 0.639688 0.630500 0.595525 0.667445 0.630958 0.518797 0.633671 0.654985 0.689383 0.605217 0.679870 0.514551 0.510173 0.561916 0.608045 0.506490 0.505880 0.516518 0.510797 0.580950 0.554460 0.556258 0.721282 0.684389 0.528732 0.528718 0.532363 0.529364 0.510963 0.512410 0.548865 0.553129 0.564654
0.522393 0.558670 0.562079 0.538484 0.574746 0.544285 0.509086 0.558952 0.538420 0.585650 0.547303 0.575953 0.504574 0.506678 0.531919 0.542985 0.540577 0.529180 0.546346 0.552415 0.507298 0.544906 0.566288 0.545349 0.518473 0.547894 0.518885 0.557946 0.505249 0.532489 0.514120 0.532208 0.548802 0.515278 0.535280 0.557989 0.554059 0.539195 0.570256 0.554233 0.507640 0.555392 0.564731 0.580243 0.543285 0.575888 0.505916 0.504126 0.525256 0.544469 0.502638 0.502384 0.506716 0.504386 0.533087 0.522171 0.522924 0.595317 0.577889 0.511672 0.511664 0.513145 0.511947 0.504455 0.505034 0.519878 0.521630 0.526386
0.558124 0.648766 0.657368 0.599082 0.687006 0.613903 0.523608 0.649463 0.599109 0.711199 0.621183 0.689538 0.511904 0.517411 0.582448 0.610374 0.604425 0.575566 0.618711 0.633607 0.518981 0.615377 0.667084 0.616231 0.547894 0.622881 0.549028 0.647001 0.513649 0.583982 0.536715 0.583168 0.624922 0.539687 0.591011 0.647227 0.637646 0.600949 0.676432 0.638118 0.519848 0.640903 0.663386 0.699191 0.611078 0.689215 0.515371 0.510745 0.565368 0.614135 0.506846 0.506214 0.517486 0.511423 0.585633 0.557650 0.559427 0.732159 0.694045 0.530329 0.530350 0.534212 0.531018 0.511588 0.513107 0.551653 0.556133 0.568313
0.522931 0.560018 0.563542 0.539388 0.576490 0.545331 0.509294 0.560335 0.539350 0.587608 0.548403 0.577746 0.504683 0.506837 0.532642 0.543962 0.541546 0.529862 0.547448 0.553601 0.507469 0.545964 0.567839 0.546401 0.518885 0.549028 0.519330 0.559277 0.505369 0.533269 0.514445 0.532926 0.549953 0.515638 0.536113 0.559355 0.555260 0.540117 0.571834 0.555473 0.507811 0.556694 0.566220 0.582051 0.544247 0.577598 0.506049 0.504227 0.525841 0.545491 0.502696 0.502442 0.506865 0.504486 0.533890 0.522710 0.523476 0.597517 0.579708 0.511943 0.511937 0.513463 0.512214 0.504559 0.505155 0.520362 0.522152 0.526987
0.570193 0.677623 0.687187 0.619219 0.721023 0.636447 0.528601 0.678505 0.619069 0.748482 0.645236 0.724209 0.514424 0.521055 0.599326 0.632515 0.625457 0.591045 0.642484 0.659943 0.522985 0.638245 0.698669 0.639536 0.557946 0.647001 0.559277 0.675638 0.516535 0.601170 0.544376 0.600182 0.649577 0.548016 0.609576 0.675817 0.664590 0.621301 0.709180 0.665149 0.524051 0.668478 0.694316 0.735003 0.633380 0.723893 0.518621 0.513016 0.578989 0.636901 0.508307 0.507522 0.521134 0.513815 0.603002 0.569503 0.571811 0.771490 0.729149 0.536741 0.536719 0.541375 0.537558 0.514031 0.515876 0.562400 0.567828 0.582447
0.506369 0.516733 0.517729 0.510961 0.521390 0.512617 0.502581 0.516829 0.510942 0.524564 0.513479 0.521741 0.501302 0.501900 0.509077 0.512239 0.511554 0.508303 0.513211 0.514945 0.502074 0.512794 0.518954 0.512921 0.505249 0.513649 0.505369 0.516535 0.501492 0.509247 0.504010 0.509154 0.513907 0.504343 0.510039 0.516546 0.515415 0.511157 0.520081 0.515468 0.502171 0.515806 0.518481 0.522988 0.512327 0.521720 0.501682 0.501174 0.507183 0.512661 0.500750 0.500679 0.501907 0.501246 0.509415 0.506307 0.506521 0.527404 0.522316 0.503321 0.503318 0.503739 0.503395 0.501266 0.501433 0.505656 0.506154 0.507505
0.539462 0.602414 0.608380 0.567592 0.629857 0.577720 0.516001 0.602960 0.567561 0.647958 0.582891 0.631880 0.508067 0.511781 0.556079 0.575355 0.571284 0.551345 0.581281 0.591637 0.512865 0.578792 0.615510 0.579484 0.532489 0.583982 0.533269 0.601170 0.509247 0.557171 0.524872 0.556551 0.585538 0.526927 0.562014 0.601323 0.594425 0.568849 0.622094 0.594802 0.513448 0.596876 0.612808 0.638916 0.575823 0.631602 0.510421 0.507283 0.544436 0.577953 0.504642 0.504208 0.511825 0.507726 0.558245 0.539105 0.540402 0.663949 0.635131 0.520563 0.520558 0.523190 0.521027 0.507856 0.508882 0.535059 0.538128 0.546402
0.517135 0.544974 0.547616 0.529445 0.557402 0.533934 0.506944 0.545154 0.529432 0.565768 0.536230 0.558300 0.503491 0.505103 0.524434 0.532911 0.531090 0.522331 0.535482 0.540122 0.505580 0.534412 0.550795 0.534706 0.514120 0.536715 0.514445 0.544376 0.504010 0.524872 0.510810 0.524660 0.537411 0.511686 0.527016 0.544440 0.541386 0.530031 0.553881 0.541532 0.505834 0.542433 0.549667 0.561577 0.533115 0.558204 0.504521 0.503152 0.519311 0.534070 0.502013 0.501821 0.505138 0.503354 0.525353 0.516982 0.517543 0.573274 0.559772 0.508908 0.508911 0.510053 0.509131 0.503409 0.503844 0.515206 0.516547 0.520178
0.539030 0.601496 0.607314 0.566875 0.628646 0.576958 0.515845 0.601870 0.566827 0.646567 0.582094 0.630531 0.507966 0.511645 0.555606 0.574689 0.570554 0.550835 0.580391 0.590789 0.512733 0.578028 0.614280 0.578685 0.532208 0.583168 0.532926 0.600182 0.509154 0.556551 0.524660 0.556123 0.584714 0.526647 0.561397 0.600290 0.593623 0.568194 0.621066 0.593908 0.513320 0.595865 0.611825 0.637673 0.575172 0.630414 0.510322 0.507189 0.543984 0.577273 0.504597 0.504155 0.511734 0.507659 0.557633 0.538683 0.539955 0.662344 0.633750 0.520325 0.520330 0.522922 0.520841 0.507779 0.508770 0.534647 0.537693 0.545967
0.559198 0.651428 0.659933 0.600895 0.690074 0.615799 0.524053 0.652098 0.600887 0.714630 0.623305 0.692686 0.512118 0.517704 0.584011 0.612358 0.606379 0.576948 0.620910 0.635950 0.519352 0.617386 0.669907 0.618288 0.548802 0.624922 0.549953 0.649577 0.513907 0.585538 0.537411 0.584714 0.627220 0.540467 0.592721 0.649787 0.640009 0.602845 0.679218 0.640511 0.520219 0.643478 0.666275 0.702455 0.613026 0.692401 0.515690 0.510940 0.566625 0.616158 0.506981 0.506323 0.517812 0.511628 0.587149 0.558719 0.560638 0.735876 0.697234 0.530878 0.530884 0.534837 0.531629 0.511829 0.513345 0.552623 0.557208 0.569585
0.518551 0.548625 0.551479 0.531884 0.562043 0.536689 0.507516 0.548880 0.531853 0.571115 0.539188 0.563053 0.503786 0.505527 0.526425 0.535591 0.533643 0.524168 0.538427 0.543408 0.506043 0.537214 0.554988 0.537561 0.515278 0.539687 0.515638 0.548016 0.504343 0.526927 0.511686 0.526647 0.540467 0.512655 0.529233 0.548076 0.544752 0.532486 0.558211 0.544927 0.506317 0.545940 0.553685 0.566580 0.535816 0.562947 0.504899 0.503418 0.520913 0.536826 0.502182 0.501974 0.505554 0.503627 0.527422 0.518380 0.519010 0.579244 0.564672 0.509658 0.509652 0.510889 0.509884 0.503691 0.504169 0.516476 0.517927 0.521839
0.542821 0.610959 0.617310 0.573292 0.640407 0.584239 0.517375 0.611486 0.573252 0.659790 0.589849 0.642569 0.508750 0.512780 0.560870 0.581722 0.577306 0.555705 0.588093 0.599297 0.513969 0.585411 0.624958 0.586161 0.535280 0.591011 0.536113 0.609576 0.510039 0.562014 0.527016 0.561397 0.592721 0.529233 0.567280 0.609735 0.602316 0.574683 0.632095 0.602706 0.514601 0.604936 0.622148 0.650123 0.582221 0.642298 0.511317 0.507901 0.548227 0.584538 0.505040 0.504564 0.512844 0.508390 0.563177 0.542432 0.543850 0.676824 0.646018 0.522310 0.522306 0.525164 0.522837 0.508532 0.509635 0.538036 0.541372 0.550359
0.570302 0.677853 0.687446 0.619350 0.721303 0.636643 0.528630 0.678716 0.619262 0.748720 0.645414 0.724523 0.514435 0.521079 0.599424 0.632645 0.625652 0.591143 0.642661 0.660068 0.523010 0.638437 0.698859 0.639688 0.557989 0.647227 0.559355 0.675817 0.516546 0.601323 0.544440 0.600290 0.649787 0.548076 0.609735 0.676067 0.664696 0.621471 0.709382 0.665305 0.524064 0.668668 0.694558 0.735178 0.633460 0.724063 0.518627 0.513033 0.579067 0.637079 0.508307 0.507529 0.521149 0.513830 0.603197 0.569620 0.571908 0.771756 0.729372 0.536764 0.536754 0.541437 0.537581 0.514046 0.515890 0.562490 0.567924 0.582513
0.565444 0.666462 0.675693 0.611385 0.708021 0.627711 0.526652 0.667241 0.611250 0.734325 0.635924 0.710830 0.513439 0.519631 0.592815 0.623990 0.617230 0.585045 0.633213 0.649842 0.521419 0.629382 0.686539 0.630500 0.554059 0.637646 0.555260 0.664590 0.515415 0.594425 0.541386 0.593623 0.640009 0.544752 0.602316 0.664696 0.654328 0.613383 0.696731 0.654760 0.522426 0.657796 0.682435 0.721473 0.624861 0.710737 0.517371 0.512118 0.573681 0.628093 0.507746 0.507010 0.519736 0.512888 0.596167 0.564850 0.566944 0.756603 0.715770 0.534246 0.534237 0.538551 0.535034 0.513077 0.514792 0.558171 0.563224 0.576988
0.547561 0.622844 0.629886 0.581325 0.655205 0.593475 0.519301 0.623388 0.581311 0.676190 0.599633 0.657431 0.509719 0.514200 0.567620 0.590677 0.585793 0.561892 0.597669 0.610034 0.515526 0.594777 0.638221 0.595525 0.539195 0.600949 0.540117 0.621301 0.511157 0.568849 0.530031 0.568194 0.602845 0.532486 0.574683 0.621471 0.613383 0.582914 0.646051 0.613794 0.516223 0.616244 0.635200 0.665747 0.591223 0.657195 0.512587 0.508775 0.553558 0.593785 0.505601 0.505071 0.514290 0.509328 0.570152 0.547171 0.548724 0.694628 0.661281 0.524778 0.524782 0.527957 0.525385 0.509489 0.510704 0.542260 0.545957 0.555946
0.584995 0.711475 0.722641 0.643509 0.760468 0.664089 0.534716 0.712376 0.643420 0.790076 0.674204 0.763684 0.517510 0.525594 0.620000 0.659330 0.650894 0.610116 0.670768 0.691247 0.527899 0.666120 0.735350 0.667445 0.570256 0.676432 0.571834 0.709180 0.520081 0.622094 0.553881 0.621066 0.679218 0.558211 0.632095 0.709382 0.696731 0.646051 0.747425 0.697281 0.529206 0.700918 0.730546 0.775667 0.660391 0.763442 0.522605 0.515795 0.595526 0.664505 0.510083 0.509137 0.525715 0.516803 0.624390 0.584238 0.586852 0.814323 0.769228 0.544573 0.544586 0.550199 0.545584 0.517032 0.519272 0.575591 0.582102 0.599777
0.565709 0.667034 0.676279 0.611795 0.708676 0.628144 0.526749 0.667856 0.611687 0.735042 0.636389 0.711578 0.513492 0.519704 0.593111 0.624382 0.617685 0.585338 0.633729 0.650309 0.521501 0.629828 0.687170 0.630958 0.554233 0.638118 0.555473 0.665149 0.515468 0.594802 0.541532 0.593908 0.640511 0.544927 0.602706 0.665305 0.654760 0.613794 0.697281 0.655256 0.522499 0.658372 0.683026 0.722098 0.625216 0.711355 0.517427 0.512171 0.573953 0.628516 0.507770 0.507038 0.519791 0.512930 0.596551 0.565108 0.567224 0.757397 0.716458 0.534371 0.534361 0.538710 0.535147 0.513127 0.514851 0.558413 0.563488 0.577240
0.509264 0.524337 0.525775 0.515942 0.531086 0.518348 0.503757 0.524475 0.515909 0.535706 0.519604 0.531603 0.501894 0.502764 0.513204 0.517805 0.516800 0.512076 0.519211 0.521742 0.503018 0.518603 0.527557 0.518797 0.507640 0.519848 0.507811 0.524051 0.502171 0.513448 0.505834 0.513320 0.520219 0.506317 0.514601 0.524064 0.522426 0.516223 0.529206 0.522499 0.503161 0.522982 0.526870 0.533419 0.517937 0.531580 0.502446 0.501708 0.510451 0.518416 0.501092 0.500987 0.502775 0.501813 0.513691 0.509169 0.509482 0.539816 0.532433 0.504833 0.504828 0.505438 0.504940 0.501841 0.502084 0.508225 0.508949 0.510919
0.567157 0.670415 0.679727 0.614188 0.712649 0.630741 0.527330 0.671291 0.614089 0.739360 0.639188 0.715665 0.513788 0.520122 0.595094 0.626943 0.620238 0.587167 0.636603 0.653333 0.521983 0.632510 0.690874 0.633671 0.555392 0.640903 0.556694 0.668478 0.515806 0.596876 0.542433 0.595865 0.643478 0.545940 0.604936 0.668668 0.657796 0.616244 0.700918 0.658372 0.522982 0.661686 0.686670 0.726206 0.627734 0.715354 0.517823 0.512444 0.575580 0.631151 0.507941 0.507192 0.520208 0.513202 0.598624 0.566551 0.568779 0.762021 0.720579 0.535117 0.535097 0.539568 0.535916 0.513429 0.515181 0.559725 0.564919 0.578889
0.578380 0.696636 0.707033 0.632683 0.743389 0.651790 0.531958 0.697397 0.632646 0.772068 0.661354 0.746494 0.516095 0.523516 0.610874 0.647441 0.639725 0.601631 0.658264 0.677326 0.525707 0.653806 0.719172 0.654985 0.564731 0.663386 0.566220 0.694316 0.518481 0.612808 0.549667 0.611825 0.666275 0.553685 0.622148 0.694558 0.682435 0.635200 0.730546 0.683026 0.526870 0.686670 0.714833 0.757990 0.648310 0.746195 0.520843 0.514531 0.588146 0.652301 0.509279 0.508399 0.523673 0.515457 0.614906 0.577728 0.580249 0.795999 0.751797 0.540991 0.541002 0.546229 0.542003 0.515715 0.517723 0.569703 0.575748 0.592032
0.596996 0.737452 0.749424 0.662905 0.789555 0.685601 0.539707 0.738501 0.662773 0.820111 0.696820 0.792873 0.520047 0.529271 0.636565 0.680422 0.671136 0.625447 0.693187 0.715538 0.531943 0.687925 0.763164 0.689383 0.580243 0.699191 0.582051 0.735003 0.522988 0.638916 0.561577 0.637673 0.702455 0.566580 0.650123 0.735178 0.721473 0.665747 0.775667 0.722098 0.533419 0.726206 0.757990 0.805372 0.681578 0.792707 0.525917 0.518082 0.608979 0.686082 0.511553 0.510462 0.529425 0.519219 0.641402 0.596177 0.599243 0.844602 0.798781 0.550991 0.550981 0.557399 0.552163 0.519520 0.522069 0.586372 0.593773 0.613765
0.552432 0.634931 0.642650 0.589601 0.670007 0.602928 0.521317 0.635589 0.589486 0.692725 0.609667 0.672406 0.510748 0.515700 0.574522 0.599886 0.594359 0.568239 0.607444 0.621147 0.517130 0.604298 0.651781 0.605217 0.543285 0.611078 0.544247 0.633380 0.512327 0.575823 0.533115 0.575172 0.613026 0.535816 0.582221 0.633460 0.624861 0.591223 0.660391 0.625216 0.517937 0.627734 0.648310 0.681578 0.600604 0.672343 0.513893 0.509690 0.559068 0.603238 0.506195 0.505606 0.515783 0.510306 0.577229 0.551955 0.553643 0.712349 0.676664 0.527400 0.527391 0.530845 0.528030 0.510457 0.511830 0.546587 0.550649 0.561736
0.591760 0.726276 0.737794 0.654496 0.777057 0.676158 0.537530 0.727291 0.654339 0.807382 0.686986 0.780419 0.518940 0.527648 0.629350 0.671244 0.662364 0.618747 0.683531 0.705030 0.530184 0.678403 0.751233 0.679870 0.575888 0.689215 0.577598 0.723893 0.521720 0.631602 0.558204 0.630414 0.692401 0.562947 0.642298 0.724063 0.710737 0.657195 0.763442 0.711355 0.531580 0.715354 0.746195 0.792707 0.672343 0.780226 0.524486 0.517085 0.603146 0.676675 0.510917 0.509881 0.527791 0.518154 0.633948 0.590949 0.593899 0.831892 0.786173 0.548193 0.548174 0.554251 0.549302 0.518443 0.520849 0.581678 0.588706 0.607665
0.507174 0.518852 0.519968 0.512352 0.524114 0.514210 0.502907 0.518953 0.512331 0.527678 0.515185 0.524481 0.501465 0.502137 0.510243 0.513798 0.513030 0.509364 0.514892 0.516840 0.502339 0.514420 0.521356 0.514551 0.505916 0.515371 0.506049 0.518621 0.501682 0.510421 0.504521 0.510322 0.515690 0.504899 0.511317 0.518627 0.517371 0.512587 0.522605 0.517427 0.502446 0.517823 0.520843 0.525917 0.513893 0.524486 0.501901 0.501321 0.508098 0.514266 0.500846 0.500764 0.502153 0.501404 0.510604 0.507113 0.507363 0.530890 0.525159 0.503739 0.503734 0.504210 0.503831 0.501430 0.501614 0.506376 0.506937 0.508463
0.505018 0.513163 0.513960 0.508630 0.516832 0.509933 0.502031 0.513257 0.508619 0.519336 0.510608 0.517128 0.501027 0.501498 0.507131 0.509623 0.509095 0.506532 0.510406 0.511757 0.501632 0.510068 0.514930 0.510173 0.504126 0.510745 0.504227 0.513016 0.501174 0.507283 0.503152 0.507189 0.510940 0.503418 0.507901 0.513033 0.512118 0.508775 0.515795 0.512171 0.501708 0.512444 0.514531 0.518082 0.509690 0.517085 0.501321 0.500926 0.505653 0.509956 0.500590 0.500535 0.501497 0.500980 0.507417 0.504966 0.505133 0.521579 0.517573 0.502617 0.502614 0.502947 0.502667 0.500995 0.501130 0.504457 0.504848 0.505901
0.530645 0.579953 0.584586 0.552599 0.601644 0.560467 0.512430 0.580385 0.552525 0.616227 0.564564 0.603290 0.506265 0.509142 0.543614 0.558678 0.555455 0.539903 0.563314 0.571483 0.509991 0.561319 0.590300 0.561916 0.525256 0.565368 0.525841 0.578989 0.507183 0.544436 0.519311 0.543984 0.566625 0.520913 0.548227 0.579067 0.573681 0.553558 0.595526 0.573953 0.510451 0.575580 0.588146 0.608979 0.559068 0.603146 0.508098 0.505653 0.534546 0.560692 0.503610 0.503266 0.509182 0.505998 0.545242 0.530348 0.531389 0.629130 0.605898 0.515977 0.515963 0.517999 0.516342 0.506100 0.506897 0.527220 0.529613 0.536075
0.553914 0.638608 0.646451 0.592029 0.674439 0.605744 0.521908 0.639189 0.591992 0.697526 0.612645 0.676925 0.511029 0.516123 0.576582 0.602588 0.597019 0.570107 0.610365 0.624317 0.517608 0.607165 0.655663 0.608045 0.544469 0.614135 0.545491 0.636901 0.512661 0.577953 0.534070 0.577273 0.616158 0.536826 0.584538 0.637079 0.628093 0.593785 0.664505 0.628516 0.518416 0.631151 0.652301 0.686082 0.603238 0.676675 0.514266 0.509956 0.560692 0.606094 0.506355 0.505754 0.516217 0.510591 0.579446 0.553439 0.555162 0.717521 0.681102 0.528118 0.528127 0.531711 0.528794 0.510754 0.512143 0.547889 0.552072 0.563407
0.503197 0.508402 0.508896 0.505506 0.510737 0.506330 0.501297 0.508454 0.505490 0.512343 0.506767 0.510915 0.500654 0.500954 0.504559 0.506147 0.505799 0.504170 0.506636 0.507510 0.501042 0.506420 0.509523 0.506490 0.502638 0.506846 0.502696 0.508307 0.500750 0.504642 0.502013 0.504597 0.506981 0.502182 0.505040 0.508307 0.507746 0.505601 0.510083 0.507770 0.501092 0.507941 0.509279 0.511553 0.506195 0.510917 0.500846 0.500590 0.503610 0.506355 0.500378 0.500341 0.500958 0.500626 0.504721 0.503164 0.503276 0.513772 0.511211 0.501670 0.501667 0.501877 0.501707 0.500636 0.500720 0.502840 0.503090 0.503771
0.502899 0.507603 0.508074 0.504988 0.509736 0.505745 0.501173 0.507660 0.504982 0.511180 0.506132 0.509897 0.500594 0.500866 0.504123 0.505564 0.505254 0.503778 0.506013 0.506798 0.500943 0.505822 0.508635 0.505880 0.502384 0.506214 0.502442 0.507522 0.500679 0.504208 0.501821 0.504155 0.506323 0.501974 0.504564 0.507529 0.507010 0.505071 0.509137 0.507038 0.500987 0.507192 0.508399 0.510462 0.505606 0.509881 0.500764 0.500535 0.503266 0.505754 0.500341 0.500310 0.500866 0.500566 0.504285 0.502871 0.502965 0.512478 0.510167 0.501513 0.501512 0.501703 0.501542 0.500575 0.500654 0.502576 0.502801 0.503412
0.508142 0.521407 0.522702 0.514012 0.527402 0.516163 0.503299 0.521497 0.514002 0.531414 0.517250 0.527792 0.501660 0.502428 0.511631 0.515673 0.514787 0.510632 0.516882 0.519119 0.502652 0.516389 0.524228 0.516518 0.506716 0.517486 0.506865 0.521134 0.501907 0.511825 0.505138 0.511734 0.517812 0.505554 0.512844 0.521149 0.519736 0.514290 0.525715 0.519791 0.502775 0.520208 0.523673 0.529425 0.515783 0.527791 0.502153 0.501497 0.509182 0.516217 0.500958 0.500866 0.502447 0.501596 0.512052 0.508077 0.508338 0.535036 0.528550 0.504238 0.504239 0.504777 0.504344 0.501621 0.501828 0.507229 0.507864 0.509605
0.505322 0.513990 0.514832 0.509155 0.517895 0.510557 0.502156 0.514057 0.509147 0.520533 0.511270 0.518174 0.501086 0.501587 0.507589 0.510234 0.509657 0.506940 0.511032 0.512490 0.501732 0.510702 0.515834 0.510797 0.504386 0.511423 0.504486 0.513815 0.501246 0.507726 0.503354 0.507659 0.511628 0.503627 0.508390 0.513830 0.512888 0.509328 0.516803 0.512930 0.501813 0.513202 0.515457 0.519219 0.510306 0.518154 0.501404 0.500980 0.505998 0.510591 0.500626 0.500566 0.501596 0.501042 0.507875 0.505273 0.505444 0.522902 0.518651 0.502771 0.502771 0.503123 0.502835 0.501057 0.501195 0.504723 0.505138 0.506271
0.540207 0.604306 0.610456 0.568832 0.632290 0.579243 0.516296 0.604815 0.568853 0.650582 0.584455 0.634284 0.508211 0.512005 0.557132 0.576768 0.572626 0.552314 0.582754 0.593311 0.513101 0.580312 0.617589 0.580950 0.533087 0.585633 0.533890 0.603002 0.509415 0.558245 0.525353 0.557633 0.587149 0.527422 0.563177 0.603197 0.596167 0.570152 0.624390 0.596551 0.513691 0.598624 0.614906 0.641402 0.577229 0.633948 0.510604 0.507417 0.545242 0.579446 0.504721 0.504285 0.512052 0.507875 0.559389 0.539863 0.541133 0.666795 0.637562 0.520930 0.520941 0.523627 0.521408 0.507999 0.509042 0.535711 0.538831 0.547260
0.526952 0.570388 0.574647 0.546265 0.589801 0.553313 0.510909 0.570752 0.546280 0.602596 0.556851 0.591127 0.505500 0.508038 0.538369 0.551640 0.548837 0.535125 0.555714 0.562895 0.508777 0.554054 0.579594 0.554460 0.522171 0.557650 0.522710 0.569503 0.506307 0.539105 0.516982 0.538683 0.558719 0.518380 0.542432 0.569620 0.564850 0.547171 0.584238 0.565108 0.509169 0.566551 0.577728 0.596177 0.551955 0.590949 0.507113 0.504966 0.530348 0.553439 0.503164 0.502871 0.508077 0.505273 0.539863 0.526743 0.527605 0.614140 0.593508 0.514021 0.514026 0.515826 0.514349 0.505363 0.506058 0.523947 0.526040 0.531713
0.527848 0.572723 0.576955 0.547808 0.592593 0.554958 0.511281 0.573113 0.547773 0.605893 0.558689 0.594066 0.505685 0.508294 0.539642 0.553326 0.550455 0.536268 0.557592 0.564961 0.509078 0.555761 0.582172 0.556258 0.522924 0.559427 0.523476 0.571811 0.506521 0.540402 0.517543 0.539955 0.560638 0.519010 0.543850 0.571908 0.566944 0.548724 0.586852 0.567224 0.509482 0.568779 0.580249 0.599243 0.553643 0.593899 0.507363 0.505133 0.531389 0.555162 0.503276 0.502965 0.508338 0.505444 0.541133 0.527605 0.528565 0.617802 0.596476 0.514496 0.514486 0.516350 0.514842 0.505549 0.506262 0.524747 0.526923 0.532769
0.615125 0.774152 0.786885 0.691405 0.828714 0.716961 0.547318 0.775342 0.691285 0.859266 0.729555 0.832243 0.523909 0.534887 0.661094 0.711129 0.700805 0.648247 0.725640 0.750197 0.538086 0.719602 0.801473 0.721282 0.595317 0.732159 0.597517 0.771490 0.527404 0.663949 0.573274 0.662344 0.735876 0.579244 0.676824 0.771756 0.756603 0.694628 0.814323 0.757397 0.539816 0.762021 0.795999 0.844602 0.712349 0.831892 0.530890 0.521579 0.629130 0.717521 0.513772 0.512478 0.535036 0.522902 0.666795 0.614140 0.617802 0.882811 0.838090 0.560725 0.560704 0.568366 0.562094 0.523283 0.526323 0.602640 0.611360 0.634639
0.594277 0.731515 0.743455 0.658528 0.783141 0.680734 0.538541 0.732664 0.658455 0.813505 0.691675 0.786449 0.519478 0.528437 0.632722 0.675562 0.666584 0.621965 0.688189 0.709987 0.531017 0.683002 0.757045 0.684389 0.577889 0.694045 0.579708 0.729149 0.522316 0.635131 0.559772 0.633750 0.697234 0.564672 0.646018 0.729372 0.715770 0.661281 0.769228 0.716458 0.532433 0.720579 0.751797 0.798781 0.676664 0.786173 0.525159 0.517573 0.605898 0.681102 0.511211 0.510167 0.528550 0.518651 0.637562 0.593508 0.596476 0.838090 0.792360 0.549531 0.549521 0.555775 0.550627 0.518952 0.521446 0.583971 0.591157 0.610538
0.514170 0.537142 0.539376 0.524378 0.547441 0.528045 0.505744 0.537404 0.524326 0.554474 0.529953 0.548252 0.502903 0.504234 0.520160 0.527192 0.525669 0.518462 0.529372 0.533215 0.504614 0.528425 0.542119 0.528732 0.511672 0.530329 0.511943 0.536741 0.503321 0.520563 0.508908 0.520325 0.530878 0.509658 0.522310 0.536764 0.534246 0.524778 0.544573 0.534371 0.504833 0.535117 0.540991 0.550991 0.527400 0.548193 0.503739 0.502617 0.515977 0.528118 0.501670 0.501513 0.504238 0.502771 0.520930 0.514021 0.514496 0.560725 0.549531 0.507402 0.507391 0.508323 0.507547 0.502813 0.503195 0.512589 0.513691 0.516688
0.514166 0.537138 0.539395 0.524363 0.547466 0.528062 0.505740 0.537378 0.524330 0.554458 0.529953 0.548246 0.502899 0.504232 0.520160 0.527190 0.525670 0.518460 0.529352 0.533198 0.504611 0.528438 0.542096 0.528718 0.511664 0.530350 0.511937 0.536719 0.503318 0.520558 0.508911 0.520330 0.530884 0.509652 0.522306 0.536754 0.534237 0.524782 0.544586 0.534361 0.504828 0.535097 0.541002 0.550981 0.527391 0.548174 0.503734 0.502614 0.515963 0.528127 0.501667 0.501512 0.504239 0.502771 0.520941 0.514026 0.514486 0.560704 0.549521 0.507391 0.507385 0.508319 0.507541 0.502811 0.503190 0.512582 0.513682 0.516680
0.515979 0.541875 0.544393 0.527463 0.553488 0.531627 0.506470 0.542128 0.527443 0.561332 0.533761 0.554380 0.503265 0.504767 0.522730 0.530643 0.528963 0.520809 0.533098 0.537394 0.505200 0.532061 0.547416 0.532363 0.513145 0.534212 0.513463 0.541375 0.503739 0.523190 0.510053 0.522922 0.534837 0.510889 0.525164 0.541437 0.538551 0.527957 0.550199 0.538710 0.505438 0.539568 0.546229 0.557399 0.530845 0.554251 0.504210 0.502947 0.517999 0.531711 0.501877 0.501703 0.504777 0.503123 0.523627 0.515826 0.516350 0.568366 0.555775 0.508323 0.508319 0.509382 0.508500 0.503172 0.503594 0.514192 0.515436 0.518797
0.514484 0.538030 0.540258 0.524917 0.548557 0.528675 0.505873 0.538217 0.524876 0.555705 0.530637 0.549324 0.502958 0.504317 0.520663 0.527837 0.526279 0.518889 0.530026 0.533964 0.504721 0.529087 0.543019 0.529364 0.511947 0.531018 0.512214 0.537558 0.503395 0.521027 0.509131 0.520841 0.531629 0.509884 0.522837 0.537581 0.535034 0.525385 0.545584 0.535147 0.504940 0.535916 0.542003 0.552163 0.528030 0.549302 0.503831 0.502667 0.516342 0.528794 0.501707 0.501542 0.504344 0.502835 0.521408 0.514349 0.514842 0.562094 0.550627 0.507547 0.507541 0.508500 0.507729 0.502883 0.503256 0.512862 0.513995 0.517075
0.505408 0.514216 0.515052 0.509304 0.518179 0.510710 0.502190 0.514283 0.509297 0.520859 0.511443 0.518463 0.501102 0.501609 0.507716 0.510394 0.509825 0.507053 0.511222 0.512681 0.501762 0.510869 0.516084 0.510963 0.504455 0.511588 0.504559 0.514031 0.501266 0.507856 0.503409 0.507779 0.511829 0.503691 0.508532 0.514046 0.513077 0.509489 0.517032 0.513127 0.501841 0.513429 0.515715 0.519520 0.510457 0.518443 0.501430 0.500995 0.506100 0.510754 0.500636 0.500575 0.501621 0.501057 0.507999 0.505363 0.505549 0.523283 0.518952 0.502813 0.502811 0.503172 0.502883 0.501078 0.501214 0.504804 0.505228 0.506371
0.506119 0.516048 0.517030 0.510530 0.520535 0.512119 0.502478 0.516168 0.510513 0.523587 0.512940 0.520883 0.501253 0.501828 0.508702 0.511742 0.511091 0.507973 0.512693 0.514348 0.501991 0.512284 0.518220 0.512410 0.505034 0.513107 0.505155 0.515876 0.501433 0.508882 0.503844 0.508770 0.513345 0.504169 0.509635 0.515890 0.514792 0.510704 0.519272 0.514851 0.502084 0.515181 0.517723 0.522069 0.511830 0.520849 0.501614 0.501130 0.506897 0.512143 0.500720 0.500654 0.501828 0.501195 0.509042 0.506058 0.506262 0.526323 0.521446 0.503195 0.503190 0.503594 0.503256 0.501214 0.501380 0.505438 0.505913 0.507203
