0.710791 0.662883 0.793899 0.560362 0.828895 0.476826 0.554174 0.972930 0.942814 0.823708 0.889317 0.837278 0.737134 0.428231 0.642131 0.795721 0.908863 0.549846 0.663225 0.590845 0.580541 0.810208 0.645924 0.840752 0.358040 0.875433 0.725144 0.712742 0.466235 0.732402 0.531436 0.530432 0.863324 0.908781 0.970914 0.604795 0.798911 0.515063 0.841905 0.436752 0.348750 0.597111 0.708852 0.842022 0.832653 0.782035 0.682344 0.462052 0.634938 0.755491 0.443895 0.524274 0.636420 0.617875 0.770923 0.807142 0.710182 0.746565 0.819250 0.539473 0.593542 0.610550 0.496726 0.378864 0.448698 0.655537 0.790663 0.696649
0.662883 0.756843 0.839426 0.856257 0.830416 0.952258 0.569256 0.930732 0.634115 0.899401 0.738560 0.948129 0.745700 0.435075 0.805908 0.795255 0.710880 0.853436 0.748425 1.219506 0.565255 0.900794 0.852390 0.760710 0.629105 0.693040 0.638776 1.256608 0.463020 0.776707 0.786529 0.474964 0.907583 0.595059 0.833546 1.328155 0.891663 0.865358 0.906968 0.917663 0.569292 0.905949 0.868831 0.941181 0.734266 0.990465 0.605098 0.443906 0.731361 0.887279 0.433915 0.529873 0.485108 0.528141 0.676115 0.649580 0.695333 1.038557 1.026395 0.597463 0.718774 0.590860 0.525202 0.528373 0.496212 0.723421 0.818347 0.741763
0.793899 0.839426 0.780221 0.765438 1.327568 0.684840 0.555909 0.870957 0.853832 1.049314 0.967095 1.091508 0.706198 0.455696 0.896863 0.957897 0.889625 0.796477 0.603017 0.779233 0.642645 0.983479 0.717535 0.886762 0.412924 1.015759 0.584288 0.901383 0.453052 0.707646 0.664788 0.638708 0.770077 0.554272 0.747101 0.790658 1.384105 0.818414 1.290004 0.672325 0.447701 0.627180 0.792506 1.072524 0.962528 1.093804 0.565609 0.449565 0.838479 0.973298 0.453594 0.534922 0.638906 0.589718 0.825660 0.747295 0.772184 0.942895 0.975204 0.633323 0.659966 0.631492 0.493312 0.475967 0.494031 0.840507 0.963916 0.894623
0.560362 0.856257 0.765438 0.683025 0.739180 0.982416 0.557525 0.840109 0.604362 0.698700 0.692216 0.819833 0.684937 0.438460 0.685511 0.780643 0.722607 0.795776 0.635896 0.833898 0.546909 0.720138 0.775519 0.642173 0.717435 0.613407 0.588634 0.822961 0.589287 0.622098 0.643137 0.535874 0.789957 0.402109 0.745979 0.858649 0.803301 0.927787 0.818801 0.924711 0.592210 0.838739 0.790676 0.766455 0.695291 0.889961 0.519823 0.458079 0.670478 0.808660 0.474126 0.482782 0.531393 0.469353 0.614272 0.573166 0.625603 0.874994 0.889834 0.519286 0.584677 0.592019 0.566350 0.528953 0.472098 0.663259 0.744854 0.677017
0.828895 0.830416 1.327568 0.739180 0.763168 0.585373 0.488127 0.893950 0.877532 1.102638 0.931763 1.150306 0.646302 0.424686 0.844046 1.001179 0.915112 0.786308 0.561626 0.749332 0.616910 0.960187 0.649069 0.860422 0.374486 0.967740 0.551491 0.873478 0.353808 0.647631 0.634873 0.690264 0.832380 0.509572 0.799111 0.789705 1.291806 0.754493 1.317470 0.595992 0.369598 0.630137 0.730343 1.089238 0.955731 1.146719 0.481453 0.433599 0.813162 1.036668 0.444461 0.506550 0.630379 0.625003 0.747097 0.752416 0.746143 0.897385 0.939767 0.603707 0.658586 0.602898 0.468096 0.472576 0.516005 0.909211 0.968635 0.847130
0.476826 0.952258 0.684840 0.982416 0.585373 0.723815 0.726661 0.856030 0.584257 0.616365 0.752372 0.700088 0.803860 0.484710 0.679125 0.687283 0.689378 0.786143 0.811267 0.991410 0.536281 0.735716 1.060511 0.734239 1.018566 0.559364 0.634295 0.920552 0.765972 0.932418 0.811562 0.418005 0.680387 0.488779 0.571179 0.943131 0.720840 0.998045 0.657236 1.348062 0.760087 0.923458 1.040261 0.738114 0.723561 0.743603 0.780616 0.567747 0.660508 0.694268 0.438882 0.514184 0.531667 0.487934 0.631722 0.585428 0.646649 0.939208 0.913009 0.543590 0.577322 0.669485 0.650572 0.514005 0.493881 0.639343 0.671330 0.706650
0.554174 0.569256 0.555909 0.557525 0.488127 0.726661 0.579403 0.559874 0.636774 0.418652 0.593020 0.396450 0.720933 0.506580 0.559454 0.515021 0.559574 0.512789 0.561694 0.568813 0.476395 0.563019 0.621675 0.578397 0.668972 0.517910 0.618913 0.581983 0.725263 0.736636 0.636854 0.457709 0.424448 0.619920 0.472487 0.551185 0.565724 0.618295 0.489681 0.728556 0.697428 0.533785 0.730785 0.448053 0.555605 0.391113 0.746324 0.535662 0.586396 0.523206 0.530573 0.543808 0.533485 0.506335 0.554025 0.540353 0.593591 0.600227 0.613387 0.508376 0.543820 0.563010 0.597692 0.497750 0.491903 0.487599 0.562664 0.566891
0.972930 0.930732 0.870957 0.840109 0.893950 0.856030 0.559874 0.798587 1.004870 0.936631 0.838930 1.100912 0.826307 0.381117 0.697985 0.864838 0.853106 0.824257 1.022296 0.745373 0.588387 0.768135 1.002204 0.950887 0.499213 0.776402 0.735300 0.871553 0.433563 0.885236 0.588847 0.443200 1.042636 0.860572 0.989149 0.859920 0.898224 0.832021 0.979235 0.796323 0.446918 1.127359 1.041680 0.942032 0.782852 1.035251 0.648043 0.426451 0.670528 0.859756 0.380006 0.483506 0.616229 0.602090 0.821443 0.853751 0.808004 1.099821 1.142644 0.576252 0.677054 0.604759 0.495816 0.458413 0.492689 0.785068 0.836365 0.780139
0.942814 0.634115 0.853832 0.604362 0.877532 0.584257 0.636774 1.004870 0.684436 0.706586 0.704989 0.849700 0.858065 0.440081 0.552267 0.702780 0.755849 0.610290 0.695212 0.495284 0.575404 0.622320 0.627643 0.775172 0.400993 0.650222 0.671437 0.618725 0.597980 0.836356 0.531161 0.519396 0.563579 0.815195 0.625809 0.560168 0.840762 0.537881 0.832451 0.504773 0.521020 0.556738 0.889616 0.672422 0.661940 0.719347 0.767112 0.473771 0.598852 0.697503 0.402822 0.520635 0.620059 0.581020 0.694178 0.826638 0.700546 0.773866 0.874628 0.563100 0.556419 0.556909 0.514933 0.435945 0.434415 0.624714 0.692193 0.678039
0.823708 0.899401 1.049314 0.698700 1.102638 0.616365 0.418652 0.936631 0.706586 0.754732 0.853906 1.159065 0.527374 0.376699 0.774219 0.890101 0.836278 0.807090 0.706117 0.784548 0.598665 1.072063 0.952165 0.964662 0.359710 1.112323 0.573990 0.974731 0.245193 0.669682 0.656749 0.641153 0.964774 0.539912 0.893992 0.864921 1.037248 0.664164 1.136285 0.650311 0.298077 0.712558 0.653432 1.386477 0.871294 1.125654 0.328175 0.380638 0.715608 0.860111 0.424097 0.518835 0.589303 0.635448 0.767828 0.693258 0.683875 0.905253 0.920044 0.598813 0.694964 0.626257 0.497495 0.441054 0.511739 0.801315 0.864846 0.755076
0.889317 0.738560 0.967095 0.692216 0.931763 0.752372 0.593020 0.838930 0.704989 0.853906 0.781419 0.887936 0.673599 0.488670 0.990099 0.943188 1.082799 0.664107 0.731484 0.728820 0.619975 0.914958 0.846761 0.936843 0.573875 0.971261 0.735127 0.769738 0.586173 0.900056 0.683733 0.601872 0.869482 0.753976 0.848840 0.671312 0.995511 0.798499 0.988480 0.768958 0.484364 0.777042 0.854079 0.963021 1.230658 0.974271 0.716406 0.612023 0.909304 0.942152 0.439195 0.575901 0.730147 0.578735 0.805915 0.755155 0.777326 0.897726 0.814540 0.627578 0.620525 0.687176 0.604900 0.337705 0.480846 0.751830 0.924564 0.807657
0.837278 0.948129 1.091508 0.819833 1.150306 0.700088 0.396450 1.100912 0.849700 1.159065 0.887936 0.770292 0.623872 0.363944 0.828924 0.973122 0.896557 0.858364 0.739807 0.797959 0.616100 0.877927 0.783035 0.892372 0.422984 0.807890 0.589756 0.917729 0.310580 0.656234 0.579820 0.572250 0.991328 0.568870 0.922741 0.912116 1.086716 0.803345 1.172637 0.683590 0.347823 0.848772 0.772695 1.079608 0.872352 1.298487 0.422455 0.386910 0.783162 0.986567 0.387252 0.442329 0.607364 0.602464 0.772415 0.785245 0.751434 1.031710 1.089642 0.601748 0.719179 0.566692 0.449333 0.480392 0.490470 0.849424 0.903159 0.803939
0.737134 0.745700 0.706198 0.684937 0.646302 0.803860 0.720933 0.826307 0.858065 0.527374 0.673599 0.623872 0.658544 0.474206 0.571521 0.596813 0.683809 0.598590 0.602772 0.638868 0.560651 0.655232 0.669294 0.660547 0.602553 0.581107 0.661612 0.702313 0.706690 0.819164 0.615117 0.368159 0.593417 0.716605 0.612726 0.684844 0.726578 0.678474 0.647517 0.707403 0.602955 0.639473 0.844545 0.581510 0.615595 0.580603 0.883405 0.512119 0.640494 0.665505 0.450081 0.501069 0.580915 0.538182 0.657290 0.652848 0.620247 0.780277 0.810565 0.535059 0.510584 0.589666 0.577230 0.475865 0.468335 0.541348 0.657650 0.637519
0.428231 0.435075 0.455696 0.438460 0.424686 0.484710 0.506580 0.381117 0.440081 0.376699 0.488670 0.363944 0.474206 0.470732 0.500021 0.465185 0.449736 0.390867 0.457943 0.548668 0.516527 0.469025 0.403677 0.452006 0.514948 0.425211 0.406852 0.449694 0.514261 0.506912 0.510422 0.517734 0.404148 0.502629 0.371274 0.425080 0.442742 0.450923 0.407136 0.466970 0.549854 0.399612 0.457552 0.389258 0.494360 0.389472 0.511775 0.595434 0.474845 0.412658 0.470226 0.491118 0.489707 0.482945 0.525081 0.443183 0.446259 0.407419 0.391538 0.423385 0.441423 0.520231 0.462673 0.485712 0.502364 0.427409 0.405134 0.431969
0.642131 0.805908 0.896863 0.685511 0.844046 0.679125 0.559454 0.697985 0.552267 0.774219 0.990099 0.828924 0.571521 0.500021 0.690856 0.844092 0.769057 0.678405 0.641155 0.740585 0.629808 0.782539 0.730647 0.717884 0.559897 0.773780 0.625493 0.773692 0.502759 0.676560 0.590410 0.573340 0.735922 0.595670 0.720357 0.757568 0.916025 0.750661 0.900462 0.696054 0.513434 0.720156 0.708817 0.834774 0.878460 0.886423 0.521289 0.494236 0.845217 0.837750 0.465175 0.510634 0.587714 0.553690 0.666548 0.607059 0.724839 0.825668 0.789541 0.601637 0.619232 0.605202 0.513618 0.470829 0.489930 0.688582 0.785778 0.761176
0.795721 0.795255 0.957897 0.780643 1.001179 0.687283 0.515021 0.864838 0.702780 0.890101 0.943188 0.973122 0.596813 0.465185 0.844092 0.738129 0.886976 0.779139 0.658512 0.746494 0.623568 0.850424 0.730235 0.815570 0.510043 0.865632 0.594302 0.821212 0.418039 0.697233 0.622163 0.658952 0.872941 0.591637 0.839710 0.774687 0.980316 0.779275 1.041527 0.688751 0.450509 0.767191 0.785022 0.946179 0.927255 1.019995 0.527851 0.453180 0.771700 0.970124 0.427791 0.520569 0.648621 0.552964 0.746147 0.692764 0.745642 0.889151 0.900317 0.572589 0.624561 0.594144 0.516307 0.410307 0.552608 0.814047 0.886977 0.781748
0.908863 0.710880 0.889625 0.722607 0.915112 0.689378 0.559574 0.853106 0.755849 0.836278 1.082799 0.896557 0.683809 0.449736 0.769057 0.886976 0.750946 0.682995 0.640433 0.726696 0.552803 0.859976 0.737213 0.890309 0.485698 0.949788 0.660563 0.770735 0.502642 0.822540 0.667067 0.603048 0.899741 0.683689 0.918057 0.687975 0.935920 0.785512 1.004273 0.698399 0.458936 0.716207 0.820627 0.923071 1.112569 0.978131 0.715371 0.528116 0.742282 0.937202 0.467805 0.578578 0.709877 0.622471 0.740021 0.733676 0.729445 0.839341 0.809422 0.605120 0.576358 0.626988 0.568556 0.372639 0.512817 0.775008 0.920408 0.779433
0.549846 0.853436 0.796477 0.795776 0.786308 0.786143 0.512789 0.824257 0.610290 0.807090 0.664107 0.858364 0.598590 0.390867 0.678405 0.779139 0.682995 0.670662 0.624048 0.756642 0.548447 0.729789 0.705089 0.686468 0.580139 0.718733 0.558834 0.817049 0.374642 0.593390 0.622729 0.551576 0.817628 0.401633 0.761090 0.836282 0.811025 0.834046 0.855395 0.749856 0.527813 0.827248 0.802574 0.832963 0.690048 0.901201 0.513266 0.419046 0.703107 0.849202 0.456497 0.515258 0.528264 0.513090 0.586673 0.611381 0.702524 0.909475 0.892376 0.610768 0.616343 0.526851 0.531969 0.517786 0.519575 0.740668 0.782697 0.638421
0.663225 0.748425 0.603017 0.635896 0.561626 0.811267 0.561694 1.022296 0.695212 0.706117 0.731484 0.739807 0.602772 0.457943 0.641155 0.658512 0.640433 0.624048 0.696997 0.598556 0.597826 0.548533 1.203861 0.907258 0.633068 0.603369 0.743912 0.665644 0.493724 1.027614 0.587350 0.413954 0.881930 1.003992 0.849768 0.688472 0.648483 0.700227 0.677765 0.819948 0.483784 1.122761 1.054052 0.756872 0.660062 0.778386 0.654564 0.535106 0.595302 0.587810 0.434795 0.497424 0.623496 0.520179 0.739686 0.752218 0.689799 0.937868 0.845445 0.546916 0.593369 0.589413 0.542593 0.412068 0.489364 0.657290 0.665299 0.665848
0.590845 1.219506 0.779233 0.833898 0.749332 0.991410 0.568813 0.745373 0.495284 0.784548 0.728820 0.797959 0.638868 0.548668 0.740585 0.746494 0.726696 0.756642 0.598556 0.707642 0.493470 0.966356 0.761308 0.684694 0.674059 0.689100 0.549110 1.270172 0.520830 0.684404 0.799833 0.498840 0.764600 0.456693 0.673378 1.257150 0.837755 0.844196 0.803732 0.963488 0.631002 0.762616 0.755064 0.883848 0.772133 0.861594 0.584961 0.499327 0.675522 0.761780 0.393903 0.507034 0.484694 0.500544 0.606616 0.534255 0.600053 0.840675 0.842976 0.532780 0.621736 0.574762 0.531342 0.521473 0.520460 0.632109 0.664515 0.711845
0.580541 0.565255 0.642645 0.546909 0.616910 0.536281 0.476395 0.588387 0.575404 0.598665 0.619975 0.616100 0.560651 0.516527 0.629808 0.623568 0.552803 0.548447 0.597826 0.493470 0.573054 0.640127 0.594172 0.635073 0.487304 0.598493 0.527473 0.553064 0.524941 0.566134 0.565121 0.558158 0.580732 0.564208 0.604970 0.549569 0.642119 0.530177 0.627155 0.512107 0.498432 0.543389 0.544243 0.587736 0.570354 0.606760 0.531118 0.532044 0.588415 0.633942 0.493795 0.505655 0.511856 0.511050 0.539130 0.549209 0.539074 0.623757 0.631782 0.572795 0.525189 0.543732 0.481195 0.507906 0.488818 0.558877 0.556993 0.571220
0.810208 0.900794 0.983479 0.720138 0.960187 0.735716 0.563019 0.768135 0.622320 1.072063 0.914958 0.877927 0.655232 0.469025 0.782539 0.850424 0.859976 0.729789 0.548533 0.966356 0.640127 0.749182 0.806216 0.864385 0.457474 1.100344 0.601298 1.060616 0.475126 0.686056 0.801842 0.648992 0.802414 0.516011 0.745231 0.899365 1.001638 0.749461 1.009814 0.739474 0.440443 0.613596 0.660692 1.136600 0.954277 0.932114 0.541818 0.439194 0.737817 0.868973 0.427537 0.518091 0.618641 0.586366 0.677341 0.654798 0.689192 0.816604 0.857092 0.596100 0.646234 0.686531 0.584736 0.416060 0.475402 0.708067 0.859124 0.742608
0.645924 0.852390 0.717535 0.775519 0.649069 1.060511 0.621675 1.002204 0.627643 0.952165 0.846761 0.783035 0.669294 0.403677 0.730647 0.730235 0.737213 0.705089 1.203861 0.761308 0.594172 0.806216 0.766200 1.009845 0.775596 0.830785 0.738690 0.853009 0.577333 1.096277 0.732800 0.447154 0.905670 0.861438 0.841830 0.799779 0.758950 0.806972 0.773422 1.100224 0.544374 1.097037 1.051062 1.055206 0.774049 0.837541 0.615883 0.540247 0.672738 0.667703 0.427827 0.537424 0.616543 0.555792 0.764483 0.704327 0.684429 0.984133 0.899524 0.548116 0.630601 0.701099 0.610175 0.424598 0.520279 0.687621 0.730649 0.745709
0.840752 0.760710 0.886762 0.642173 0.860422 0.734239 0.578397 0.950887 0.775172 0.964662 0.936843 0.892372 0.660547 0.452006 0.717884 0.815570 0.890309 0.686468 0.907258 0.684694 0.635073 0.864385 1.009845 0.765797 0.531175 0.954425 0.757361 0.797837 0.533610 0.989190 0.691682 0.552781 0.899359 0.826931 0.878820 0.721183 0.934038 0.710842 0.968821 0.749326 0.453905 0.804285 0.888374 1.003986 0.901237 0.920210 0.679275 0.566628 0.717611 0.815457 0.399591 0.545777 0.679851 0.647394 0.820929 0.742135 0.711862 0.914412 0.889574 0.585161 0.628841 0.699962 0.565397 0.397675 0.494282 0.742458 0.814790 0.743423
0.358040 0.629105 0.412924 0.717435 0.374486 1.018566 0.668972 0.499213 0.400993 0.359710 0.573875 0.422984 0.602553 0.514948 0.559897 0.510043 0.485698 0.580139 0.633068 0.674059 0.487304 0.457474 0.775596 0.531175 0.554221 0.320056 0.543489 0.618985 0.739006 0.708915 0.639694 0.429032 0.433299 0.452335 0.402736 0.644686 0.431589 0.742821 0.368236 1.024290 0.686790 0.661294 0.720833 0.433682 0.518673 0.460387 0.667224 0.552442 0.570198 0.515707 0.490863 0.509880 0.521658 0.429904 0.470424 0.449155 0.533732 0.601509 0.565820 0.499938 0.497062 0.531876 0.597573 0.516058 0.497021 0.481692 0.436691 0.562683
0.875433 0.693040 1.015759 0.613407 0.967740 0.559364 0.517910 0.776402 0.650222 1.112323 0.971261 0.807890 0.581107 0.425211 0.773780 0.865632 0.949788 0.718733 0.603369 0.689100 0.598493 1.100344 0.830785 0.954425 0.320056 0.742924 0.626905 0.840668 0.425635 0.710689 0.650519 0.678081 0.865566 0.627768 0.864785 0.649631 1.048463 0.679983 1.061199 0.581844 0.407426 0.625226 0.648580 1.190239 1.011369 0.895526 0.575474 0.444084 0.725693 0.811804 0.486685 0.559445 0.678077 0.635747 0.799258 0.707685 0.730641 0.818234 0.769220 0.584065 0.638399 0.689758 0.557579 0.392968 0.507262 0.756956 0.905568 0.732969
0.725144 0.638776 0.584288 0.588634 0.551491 0.634295 0.618913 0.735300 0.671437 0.573990 0.735127 0.589756 0.661612 0.406852 0.625493 0.594302 0.660563 0.558834 0.743912 0.549110 0.527473 0.601298 0.738690 0.757361 0.543489 0.626905 0.637993 0.601228 0.675310 0.711162 0.553215 0.472303 0.717678 0.819209 0.784475 0.584513 0.626418 0.620729 0.630574 0.606356 0.560797 0.725517 0.729166 0.614238 0.665490 0.627780 0.639688 0.531898 0.622876 0.670117 0.495872 0.528754 0.587125 0.527759 0.681454 0.688959 0.637187 0.719479 0.702834 0.582413 0.553967 0.605472 0.553831 0.555597 0.484681 0.575297 0.708569 0.630277
0.712742 1.256608 0.901383 0.822961 0.873478 0.920552 0.581983 0.871553 0.618725 0.974731 0.769738 0.917729 0.702313 0.449694 0.773692 0.821212 0.770735 0.817049 0.665644 1.270172 0.553064 1.060616 0.853009 0.797837 0.618985 0.840668 0.601228 0.761532 0.467573 0.730161 0.819650 0.505983 0.876324 0.558564 0.809981 1.271776 0.947349 0.839422 0.938162 0.897813 0.549118 0.803912 0.806222 1.052647 0.807294 0.962736 0.553991 0.431505 0.729209 0.876038 0.393618 0.534079 0.512754 0.521267 0.691726 0.626103 0.674363 0.962341 0.961620 0.578109 0.687348 0.608286 0.519274 0.530476 0.505486 0.704670 0.766844 0.741587
0.466235 0.463020 0.453052 0.589287 0.353808 0.765972 0.725263 0.433563 0.597980 0.245193 0.586173 0.310580 0.706690 0.514261 0.502759 0.418039 0.502642 0.374642 0.493724 0.520830 0.524941 0.475126 0.577333 0.533610 0.739006 0.425635 0.675310 0.467573 0.533687 0.707290 0.548567 0.384779 0.254068 0.573535 0.286417 0.430635 0.506680 0.568283 0.394205 0.710497 0.778446 0.400175 0.634755 0.313363 0.529717 0.311006 0.767679 0.604334 0.540000 0.431912 0.517363 0.571885 0.513973 0.504688 0.491310 0.456325 0.483049 0.480794 0.502930 0.559247 0.459776 0.598718 0.591392 0.540358 0.467868 0.411183 0.454591 0.502757
0.732402 0.776707 0.707646 0.622098 0.647631 0.932418 0.736636 0.885236 0.836356 0.669682 0.900056 0.656234 0.819164 0.506912 0.676560 0.697233 0.822540 0.593390 1.027614 0.684404 0.566134 0.686056 1.096277 0.989190 0.708915 0.710689 0.711162 0.730161 0.707290 0.740291 0.731291 0.458130 0.698838 0.973191 0.677067 0.669138 0.781984 0.721321 0.725490 0.928212 0.588274 0.868989 1.113636 0.781207 0.846621 0.726297 0.962528 0.603476 0.661058 0.676718 0.391933 0.559202 0.641260 0.613606 0.770258 0.714858 0.678670 0.911573 0.820922 0.526164 0.546233 0.690013 0.632365 0.378311 0.494349 0.597100 0.709600 0.689241
0.531436 0.786529 0.664788 0.643137 0.634873 0.811562 0.636854 0.588847 0.531161 0.656749 0.683733 0.579820 0.615117 0.510422 0.590410 0.622163 0.667067 0.622729 0.587350 0.799833 0.565121 0.801842 0.732800 0.691682 0.639694 0.650519 0.553215 0.819650 0.548567 0.731291 0.633902 0.522595 0.609049 0.472934 0.550171 0.767416 0.674122 0.680089 0.666811 0.856644 0.590021 0.602910 0.688987 0.709672 0.680391 0.631197 0.638523 0.498499 0.596681 0.686546 0.462271 0.569930 0.514345 0.546323 0.548779 0.554983 0.564237 0.682911 0.686314 0.522145 0.571214 0.665583 0.629130 0.489005 0.494850 0.599421 0.623395 0.611122
0.530432 0.474964 0.638708 0.535874 0.690264 0.418005 0.457709 0.443200 0.519396 0.641153 0.601872 0.572250 0.368159 0.517734 0.573340 0.658952 0.603048 0.551576 0.413954 0.498840 0.558158 0.648992 0.447154 0.552781 0.429032 0.678081 0.472303 0.505983 0.384779 0.458130 0.522595 0.541974 0.557509 0.420669 0.579545 0.456339 0.647114 0.557896 0.721040 0.462604 0.443807 0.450866 0.453926 0.682433 0.637328 0.669928 0.387946 0.460544 0.587210 0.619619 0.499121 0.462913 0.502125 0.525992 0.537425 0.569043 0.526799 0.555758 0.535463 0.530970 0.533810 0.560772 0.513635 0.475252 0.521188 0.605167 0.634997 0.553886
0.863324 0.907583 0.770077 0.789957 0.832380 0.680387 0.424448 1.042636 0.563579 0.964774 0.869482 0.991328 0.593417 0.404148 0.735922 0.872941 0.899741 0.817628 0.881930 0.764600 0.580732 0.802414 0.905670 0.899359 0.433299 0.865566 0.717678 0.876324 0.254068 0.698838 0.609049 0.557509 0.746773 0.721206 1.206587 0.890324 0.825368 0.816783 0.966750 0.696039 0.347174 1.087731 0.825265 1.019320 0.885924 1.110056 0.502420 0.425312 0.769292 0.932192 0.438226 0.486577 0.617325 0.594433 0.804417 0.757483 0.777278 0.986184 0.903261 0.588068 0.697077 0.591512 0.495719 0.433346 0.549135 0.815378 0.921149 0.734298
0.908781 0.595059 0.554272 0.402109 0.509572 0.488779 0.619920 0.860572 0.815195 0.539912 0.753976 0.568870 0.716605 0.502629 0.595670 0.591637 0.683689 0.401633 1.003992 0.456693 0.564208 0.516011 0.861438 0.826931 0.452335 0.627768 0.819209 0.558564 0.573535 0.973191 0.472934 0.420669 0.721206 0.648338 0.860751 0.501348 0.601755 0.462818 0.559686 0.451531 0.461888 0.823057 0.879643 0.587088 0.615447 0.544793 0.794281 0.577016 0.545752 0.495953 0.453619 0.526186 0.639443 0.565738 0.773064 0.776644 0.686982 0.774341 0.694031 0.592128 0.499711 0.567170 0.484394 0.384057 0.471100 0.546806 0.585678 0.684132
0.970914 0.833546 0.747101 0.745979 0.799111 0.571179 0.472487 0.989149 0.625809 0.893992 0.848840 0.922741 0.612726 0.371274 0.720357 0.839710 0.918057 0.761090 0.849768 0.673378 0.604970 0.745231 0.841830 0.878820 0.402736 0.864785 0.784475 0.809981 0.286417 0.677067 0.550171 0.579545 1.206587 0.860751 0.732113 0.815015 0.796532 0.731272 0.919215 0.579763 0.371682 1.033428 0.787099 0.950363 0.847972 1.036138 0.539557 0.440656 0.716431 0.902362 0.464112 0.518142 0.628836 0.556906 0.772751 0.771368 0.800434 0.965293 0.877029 0.584878 0.669771 0.586033 0.496646 0.404270 0.489774 0.789695 0.909619 0.725445
0.604795 1.328155 0.790658 0.858649 0.789705 0.943131 0.551185 0.859920 0.560168 0.864921 0.671312 0.912116 0.684844 0.425080 0.757568 0.774687 0.687975 0.836282 0.688472 1.257150 0.549569 0.899365 0.799779 0.721183 0.644686 0.649631 0.584513 1.271776 0.430635 0.669138 0.767416 0.456339 0.890324 0.501348 0.815015 0.727514 0.829795 0.866573 0.863570 0.906682 0.556282 0.881223 0.802952 0.908503 0.684363 0.951816 0.533833 0.444679 0.729174 0.848893 0.434276 0.523654 0.471871 0.531857 0.627015 0.580619 0.678596 0.985641 0.977973 0.612478 0.721601 0.567548 0.508226 0.556124 0.511453 0.713684 0.772887 0.716352
0.798911 0.891663 1.384105 0.803301 1.291806 0.720840 0.565724 0.898224 0.840762 1.037248 0.995511 1.086716 0.726578 0.442742 0.916025 0.980316 0.935920 0.811025 0.648483 0.837755 0.642119 1.001638 0.758950 0.934038 0.431589 1.048463 0.626418 0.947349 0.506680 0.781984 0.674122 0.647114 0.825368 0.601755 0.796532 0.829795 0.803454 0.851231 1.339446 0.710079 0.457732 0.664477 0.840718 1.096478 1.008609 1.146436 0.600570 0.466198 0.872566 1.009263 0.414025 0.561268 0.663875 0.596850 0.853615 0.756925 0.796268 0.983156 1.007908 0.642119 0.655651 0.655433 0.517848 0.473422 0.501626 0.861229 0.998843 0.901708
0.515063 0.865358 0.818414 0.927787 0.754493 0.998045 0.618295 0.832021 0.537881 0.664164 0.798499 0.803345 0.678474 0.450923 0.750661 0.779275 0.785512 0.834046 0.700227 0.844196 0.530177 0.749461 0.806972 0.710842 0.742821 0.679983 0.620729 0.839422 0.568283 0.721321 0.680089 0.557896 0.816783 0.462818 0.731272 0.866573 0.851231 0.705554 0.849825 0.977361 0.608551 0.922094 0.890452 0.779167 0.773661 0.904850 0.596364 0.495285 0.732264 0.863047 0.478745 0.477329 0.534565 0.501438 0.610686 0.584168 0.700118 0.933362 0.885103 0.560949 0.622568 0.578441 0.534543 0.511367 0.524063 0.752610 0.820503 0.690698
0.841905 0.906968 1.290004 0.818801 1.317470 0.657236 0.489681 0.979235 0.832451 1.136285 0.988480 1.172637 0.647517 0.407136 0.900462 1.041527 1.004273 0.855395 0.677765 0.803732 0.627155 1.009814 0.773422 0.968821 0.368236 1.061199 0.630574 0.938162 0.394205 0.725490 0.666811 0.721040 0.966750 0.559686 0.919215 0.863570 1.339446 0.849825 0.807201 0.670907 0.363058 0.755914 0.816837 1.168527 1.028759 1.240274 0.498597 0.443704 0.862044 1.085227 0.427320 0.527489 0.663599 0.615294 0.832164 0.793662 0.799883 0.999470 1.010935 0.614768 0.687155 0.618369 0.470376 0.449499 0.536724 0.934905 1.046126 0.880544
0.436752 0.917663 0.672325 0.924711 0.595992 1.348062 0.728556 0.796323 0.504773 0.650311 0.768958 0.683590 0.707403 0.466970 0.696054 0.688751 0.698399 0.749856 0.819948 0.963488 0.512107 0.739474 1.100224 0.749326 1.024290 0.581844 0.606356 0.897813 0.710497 0.928212 0.856644 0.462604 0.696039 0.451531 0.579763 0.906682 0.710079 0.977361 0.670907 0.713255 0.753103 0.935115 1.012836 0.775853 0.753131 0.759280 0.715889 0.566417 0.668450 0.709022 0.447243 0.536481 0.543727 0.508298 0.622777 0.580209 0.629441 0.893737 0.867248 0.543931 0.595767 0.661288 0.658899 0.508533 0.524495 0.628367 0.674611 0.681825
0.348750 0.569292 0.447701 0.592210 0.369598 0.760087 0.697428 0.446918 0.521020 0.298077 0.484364 0.347823 0.602955 0.549854 0.513434 0.450509 0.458936 0.527813 0.483784 0.631002 0.498432 0.440443 0.544374 0.453905 0.686790 0.407426 0.560797 0.549118 0.778446 0.588274 0.590021 0.443807 0.347174 0.461888 0.371682 0.556282 0.457732 0.608551 0.363058 0.753103 0.515185 0.526730 0.661008 0.356338 0.493254 0.372765 0.662088 0.549317 0.498200 0.467583 0.553419 0.539766 0.453473 0.465496 0.451485 0.466917 0.488529 0.537263 0.525223 0.485231 0.476758 0.530488 0.559940 0.542095 0.465315 0.454214 0.462206 0.440602
0.597111 0.905949 0.627180 0.838739 0.630137 0.923458 0.533785 1.127359 0.556738 0.712558 0.777042 0.848772 0.639473 0.399612 0.720156 0.767191 0.716207 0.827248 1.122761 0.762616 0.543389 0.613596 1.097037 0.804285 0.661294 0.625226 0.725517 0.803912 0.400175 0.868989 0.602910 0.450866 1.087731 0.823057 1.033428 0.881223 0.664477 0.922094 0.755914 0.935115 0.526730 0.726161 1.067250 0.804336 0.725544 0.965599 0.602062 0.496235 0.705544 0.772640 0.447759 0.487061 0.523542 0.476944 0.715238 0.736008 0.813863 1.132784 0.980591 0.534512 0.666075 0.553172 0.519301 0.459207 0.531196 0.759041 0.803950 0.703518
0.708852 0.868831 0.792506 0.790676 0.730343 1.040261 0.730785 1.041680 0.889616 0.653432 0.854079 0.772695 0.844545 0.457552 0.708817 0.785022 0.820627 0.802574 1.054052 0.755064 0.544243 0.660692 1.051062 0.888374 0.720833 0.648580 0.729166 0.806222 0.634755 1.113636 0.688987 0.453926 0.825265 0.879643 0.787099 0.802952 0.840718 0.890452 0.816837 1.012836 0.661008 1.067250 0.767141 0.750536 0.797465 0.849662 0.889999 0.585484 0.705871 0.762741 0.411884 0.529680 0.612290 0.546745 0.749765 0.784263 0.799893 1.048037 0.979184 0.575728 0.605934 0.628693 0.583330 0.438096 0.480513 0.735693 0.778019 0.745348
0.842022 0.941181 1.072524 0.766455 1.089238 0.738114 0.448053 0.942032 0.672422 1.386477 0.963021 1.079608 0.581510 0.389258 0.834774 0.946179 0.923071 0.832963 0.756872 0.883848 0.587736 1.136600 1.055206 1.003986 0.433682 1.190239 0.614238 1.052647 0.313363 0.781207 0.709672 0.682433 1.019320 0.587088 0.950363 0.908503 1.096478 0.779167 1.168527 0.775853 0.356338 0.804336 0.750536 0.797360 0.971612 1.139507 0.399272 0.421020 0.776551 0.920843 0.426260 0.531751 0.614157 0.621825 0.801172 0.721616 0.707673 0.978507 0.943943 0.586440 0.684638 0.658339 0.535314 0.421543 0.524991 0.815977 0.924791 0.803704
0.832653 0.734266 0.962528 0.695291 0.955731 0.723561 0.555605 0.782852 0.661940 0.871294 1.230658 0.872352 0.615595 0.494360 0.878460 0.927255 1.112569 0.690048 0.660062 0.772133 0.570354 0.954277 0.774049 0.901237 0.518673 1.011369 0.665490 0.807294 0.529717 0.846621 0.680391 0.637328 0.885924 0.615447 0.847972 0.684363 1.008609 0.773661 1.028759 0.753131 0.493254 0.725544 0.797465 0.971612 0.761374 1.012741 0.684935 0.587368 0.913054 0.969488 0.437810 0.554027 0.739157 0.621716 0.767939 0.736865 0.723172 0.828661 0.774079 0.599682 0.601812 0.641440 0.579150 0.348311 0.493838 0.768165 0.948722 0.770353
0.782035 0.990465 1.093804 0.889961 1.146719 0.743603 0.391113 1.035251 0.719347 1.125654 0.974271 1.298487 0.580603 0.389472 0.886423 1.019995 0.978131 0.901201 0.778386 0.861594 0.606760 0.932114 0.837541 0.920210 0.460387 0.895526 0.627780 0.962736 0.311006 0.726297 0.631197 0.669928 1.110056 0.544793 1.036138 0.951816 1.146436 0.904850 1.240274 0.759280 0.372765 0.965599 0.849662 1.139507 1.012741 0.793038 0.441776 0.431969 0.878282 1.082414 0.403896 0.489095 0.607062 0.572168 0.787950 0.777495 0.807196 1.060718 1.039454 0.597491 0.680010 0.581283 0.482748 0.437797 0.503384 0.871388 1.000420 0.865866
0.682344 0.605098 0.565609 0.519823 0.481453 0.780616 0.746324 0.648043 0.767112 0.328175 0.716406 0.422455 0.883405 0.511775 0.521289 0.527851 0.715371 0.513266 0.654564 0.584961 0.531118 0.541818 0.615883 0.679275 0.667224 0.575474 0.639688 0.553991 0.767679 0.962528 0.638523 0.387946 0.502420 0.794281 0.539557 0.533833 0.600570 0.596364 0.498597 0.715889 0.662088 0.602062 0.889999 0.399272 0.684935 0.441776 0.617201 0.639414 0.526158 0.542237 0.447504 0.570189 0.594220 0.558954 0.593025 0.603227 0.593375 0.691042 0.660896 0.513626 0.488780 0.599090 0.587725 0.461366 0.421877 0.514851 0.568339 0.590510
0.462052 0.443906 0.449565 0.458079 0.433599 0.567747 0.535662 0.426451 0.473771 0.380638 0.612023 0.386910 0.512119 0.595434 0.494236 0.453180 0.528116 0.419046 0.535106 0.499327 0.532044 0.439194 0.540247 0.566628 0.552442 0.444084 0.531898 0.431505 0.604334 0.603476 0.498499 0.460544 0.425312 0.577016 0.440656 0.444679 0.466198 0.495285 0.443704 0.566417 0.549317 0.496235 0.585484 0.421020 0.587368 0.431969 0.639414 0.508399 0.475618 0.468126 0.521679 0.493094 0.531523 0.478842 0.511357 0.479092 0.474746 0.455596 0.446491 0.487009 0.441435 0.498319 0.528366 0.464141 0.530139 0.468650 0.464964 0.515548
0.634938 0.731361 0.838479 0.670478 0.813162 0.660508 0.586396 0.670528 0.598852 0.715608 0.909304 0.783162 0.640494 0.474845 0.845217 0.771700 0.742282 0.703107 0.595302 0.675522 0.588415 0.737817 0.672738 0.717611 0.570198 0.725693 0.622876 0.729209 0.540000 0.661058 0.596681 0.587210 0.769292 0.545752 0.716431 0.729174 0.872566 0.732264 0.862044 0.668450 0.498200 0.705544 0.705871 0.776551 0.913054 0.878282 0.526158 0.475618 0.673823 0.888555 0.425107 0.533354 0.609782 0.545054 0.626059 0.634978 0.711297 0.803741 0.741269 0.610315 0.599188 0.562133 0.589500 0.523315 0.544998 0.663273 0.828664 0.683301
0.755491 0.887279 0.973298 0.808660 1.036668 0.694268 0.523206 0.859756 0.697503 0.860111 0.942152 0.986567 0.665505 0.412658 0.837750 0.970124 0.937202 0.849202 0.587810 0.761780 0.633942 0.868973 0.667703 0.815457 0.515707 0.811804 0.670117 0.876038 0.431912 0.676718 0.686546 0.619619 0.932192 0.495953 0.902362 0.848893 1.009263 0.863047 1.085227 0.709022 0.467583 0.772640 0.762741 0.920843 0.969488 1.082414 0.542237 0.468126 0.888555 0.743470 0.486015 0.542681 0.613535 0.587255 0.651301 0.708943 0.749934 0.907072 0.911392 0.564119 0.645684 0.596077 0.511169 0.484737 0.489281 0.814414 0.969873 0.750840
0.443895 0.433915 0.453594 0.474126 0.444461 0.438882 0.530573 0.380006 0.402822 0.424097 0.439195 0.387252 0.450081 0.470226 0.465175 0.427791 0.467805 0.456497 0.434795 0.393903 0.493795 0.427537 0.427827 0.399591 0.490863 0.486685 0.495872 0.393618 0.517363 0.391933 0.462271 0.499121 0.438226 0.453619 0.464112 0.434276 0.414025 0.478745 0.427320 0.447243 0.553419 0.447759 0.411884 0.426260 0.437810 0.403896 0.447504 0.521679 0.425107 0.486015 0.466017 0.532132 0.494030 0.497775 0.443156 0.468291 0.454317 0.410219 0.448980 0.460799 0.486002 0.532018 0.539830 0.531437 0.513188 0.485030 0.442723 0.478502
0.524274 0.529873 0.534922 0.482782 0.506550 0.514184 0.543808 0.483506 0.520635 0.518835 0.575901 0.442329 0.501069 0.491118 0.510634 0.520569 0.578578 0.515258 0.497424 0.507034 0.505655 0.518091 0.537424 0.545777 0.509880 0.559445 0.528754 0.534079 0.571885 0.559202 0.569930 0.462913 0.486577 0.526186 0.518142 0.523654 0.561268 0.477329 0.527489 0.536481 0.539766 0.487061 0.529680 0.531751 0.554027 0.489095 0.570189 0.493094 0.533354 0.542681 0.532132 0.537157 0.460059 0.485733 0.495030 0.580161 0.566297 0.553639 0.509254 0.608909 0.536180 0.498364 0.558750 0.535598 0.499906 0.527415 0.570754 0.561892
0.636420 0.485108 0.638906 0.531393 0.630379 0.531667 0.533485 0.616229 0.620059 0.589303 0.730147 0.607364 0.580915 0.489707 0.587714 0.648621 0.709877 0.528264 0.623496 0.484694 0.511856 0.618641 0.616543 0.679851 0.521658 0.678077 0.587125 0.512754 0.513973 0.641260 0.514345 0.502125 0.617325 0.639443 0.628836 0.471871 0.663875 0.534565 0.663599 0.543727 0.453473 0.523542 0.612290 0.614157 0.739157 0.607062 0.594220 0.531523 0.609782 0.613535 0.494030 0.460059 0.592333 0.582519 0.622947 0.585363 0.549853 0.583507 0.560055 0.507418 0.474202 0.606604 0.530803 0.419816 0.552656 0.607406 0.602466 0.567006
0.617875 0.528141 0.589718 0.469353 0.625003 0.487934 0.506335 0.602090 0.581020 0.635448 0.578735 0.602464 0.538182 0.482945 0.553690 0.552964 0.622471 0.513090 0.520179 0.500544 0.511050 0.586366 0.555792 0.647394 0.429904 0.635747 0.527759 0.521267 0.504688 0.613606 0.546323 0.525992 0.594433 0.565738 0.556906 0.531857 0.596850 0.501438 0.615294 0.508298 0.465496 0.476944 0.546745 0.621825 0.621716 0.572168 0.558954 0.478842 0.545054 0.587255 0.497775 0.485733 0.582519 0.561180 0.568513 0.541997 0.510027 0.521720 0.538851 0.534613 0.531358 0.580892 0.492818 0.470370 0.498730 0.520412 0.556735 0.540997
0.770923 0.676115 0.825660 0.614272 0.747097 0.631722 0.554025 0.821443 0.694178 0.767828 0.805915 0.772415 0.657290 0.525081 0.666548 0.746147 0.740021 0.586673 0.739686 0.606616 0.539130 0.677341 0.764483 0.820929 0.470424 0.799258 0.681454 0.691726 0.491310 0.770258 0.548779 0.537425 0.804417 0.773064 0.772751 0.627015 0.853615 0.610686 0.832164 0.622777 0.451485 0.715238 0.749765 0.801172 0.767939 0.787950 0.593025 0.511357 0.626059 0.651301 0.443156 0.495030 0.622947 0.568513 0.683031 0.698869 0.675640 0.799501 0.795810 0.584974 0.564993 0.633346 0.552495 0.434996 0.538070 0.681454 0.766014 0.757353
0.807142 0.649580 0.747295 0.573166 0.752416 0.585428 0.540353 0.853751 0.826638 0.693258 0.755155 0.785245 0.652848 0.443183 0.607059 0.692764 0.733676 0.611381 0.752218 0.534255 0.549209 0.654798 0.704327 0.742135 0.449155 0.707685 0.688959 0.626103 0.456325 0.714858 0.554983 0.569043 0.757483 0.776644 0.771368 0.580619 0.756925 0.584168 0.793662 0.580209 0.466917 0.736008 0.784263 0.721616 0.736865 0.777495 0.603227 0.479092 0.634978 0.708943 0.468291 0.580161 0.585363 0.541997 0.698869 0.667784 0.764363 0.818245 0.814856 0.587923 0.528900 0.534300 0.524427 0.459789 0.474608 0.693846 0.755909 0.700931
0.710182 0.695333 0.772184 0.625603 0.746143 0.646649 0.593591 0.808004 0.700546 0.683875 0.777326 0.751434 0.620247 0.446259 0.724839 0.745642 0.729445 0.702524 0.689799 0.600053 0.539074 0.689192 0.684429 0.711862 0.533732 0.730641 0.637187 0.674363 0.483049 0.678670 0.564237 0.526799 0.777278 0.686982 0.800434 0.678596 0.796268 0.700118 0.799883 0.629441 0.488529 0.813863 0.799893 0.707673 0.723172 0.807196 0.593375 0.474746 0.711297 0.749934 0.454317 0.566297 0.549853 0.510027 0.675640 0.764363 0.671406 0.864513 0.834806 0.580341 0.567435 0.571001 0.582464 0.432802 0.450512 0.715095 0.802897 0.684557
0.746565 1.038557 0.942895 0.874994 0.897385 0.939208 0.600227 1.099821 0.773866 0.905253 0.897726 1.031710 0.780277 0.407419 0.825668 0.889151 0.839341 0.909475 0.937868 0.840675 0.623757 0.816604 0.984133 0.914412 0.601509 0.818234 0.719479 0.962341 0.480794 0.911573 0.682911 0.555758 0.986184 0.774341 0.965293 0.985641 0.983156 0.933362 0.999470 0.893737 0.537263 1.132784 1.048037 0.978507 0.828661 1.060718 0.691042 0.455596 0.803741 0.907072 0.410219 0.553639 0.583507 0.521720 0.799501 0.818245 0.864513 0.806051 1.243638 0.623707 0.688006 0.612814 0.537348 0.459658 0.487691 0.851778 0.933686 0.816895
0.819250 1.026395 0.975204 0.889834 0.939767 0.913009 0.613387 1.142644 0.874628 0.920044 0.814540 1.089642 0.810565 0.391538 0.789541 0.900317 0.809422 0.892376 0.845445 0.842976 0.631782 0.857092 0.899524 0.889574 0.565820 0.769220 0.702834 0.961620 0.502930 0.820922 0.686314 0.535463 0.903261 0.694031 0.877029 0.977973 1.007908 0.885103 1.010935 0.867248 0.525223 0.980591 0.979184 0.943943 0.774079 1.039454 0.660896 0.446491 0.741269 0.911392 0.448980 0.509254 0.560055 0.538851 0.795810 0.814856 0.834806 1.243638 0.797384 0.584989 0.686198 0.621540 0.555166 0.472165 0.451478 0.836189 0.890056 0.811142
0.539473 0.597463 0.633323 0.519286 0.603707 0.543590 0.508376 0.576252 0.563100 0.598813 0.627578 0.601748 0.535059 0.423385 0.601637 0.572589 0.605120 0.610768 0.546916 0.532780 0.572795 0.596100 0.548116 0.585161 0.499938 0.584065 0.582413 0.578109 0.559247 0.526164 0.522145 0.530970 0.588068 0.592128 0.584878 0.612478 0.642119 0.560949 0.614768 0.543931 0.485231 0.534512 0.575728 0.586440 0.599682 0.597491 0.513626 0.487009 0.610315 0.564119 0.460799 0.608909 0.507418 0.534613 0.584974 0.587923 0.580341 0.623707 0.584989 0.573068 0.572484 0.535283 0.551827 0.509655 0.459761 0.591378 0.638792 0.608965
0.593542 0.718774 0.659966 0.584677 0.658586 0.577322 0.543820 0.677054 0.556419 0.694964 0.620525 0.719179 0.510584 0.441423 0.619232 0.624561 0.576358 0.616343 0.593369 0.621736 0.525189 0.646234 0.630601 0.628841 0.497062 0.638399 0.553967 0.687348 0.459776 0.546233 0.571214 0.533810 0.697077 0.499711 0.669771 0.721601 0.655651 0.622568 0.687155 0.595767 0.476758 0.666075 0.605934 0.684638 0.601812 0.680010 0.488780 0.441435 0.599188 0.645684 0.486002 0.536180 0.474202 0.531358 0.564993 0.528900 0.567435 0.688006 0.686198 0.572484 0.600155 0.550957 0.497470 0.554025 0.508384 0.609086 0.650424 0.576094
0.610550 0.590860 0.631492 0.592019 0.602898 0.669485 0.563010 0.604759 0.556909 0.626257 0.687176 0.566692 0.589666 0.520231 0.605202 0.594144 0.626988 0.526851 0.589413 0.574762 0.543732 0.686531 0.701099 0.699962 0.531876 0.689758 0.605472 0.608286 0.598718 0.690013 0.665583 0.560772 0.591512 0.567170 0.586033 0.567548 0.655433 0.578441 0.618369 0.661288 0.530488 0.553172 0.628693 0.658339 0.641440 0.581283 0.599090 0.498319 0.562133 0.596077 0.532018 0.498364 0.606604 0.580892 0.633346 0.534300 0.571001 0.612814 0.621540 0.535283 0.550957 0.612093 0.612393 0.438663 0.491395 0.603611 0.676735 0.627534
0.496726 0.525202 0.493312 0.566350 0.468096 0.650572 0.597692 0.495816 0.514933 0.497495 0.604900 0.449333 0.577230 0.462673 0.513618 0.516307 0.568556 0.531969 0.542593 0.531342 0.481195 0.584736 0.610175 0.565397 0.597573 0.557579 0.553831 0.519274 0.591392 0.632365 0.629130 0.513635 0.495719 0.484394 0.496646 0.508226 0.517848 0.534543 0.470376 0.658899 0.559940 0.519301 0.583330 0.535314 0.579150 0.482748 0.587725 0.528366 0.589500 0.511169 0.539830 0.558750 0.530803 0.492818 0.552495 0.524427 0.582464 0.537348 0.555166 0.551827 0.497470 0.612393 0.550819 0.497382 0.534167 0.469504 0.536120 0.511221
0.378864 0.528373 0.475967 0.528953 0.472576 0.514005 0.497750 0.458413 0.435945 0.441054 0.337705 0.480392 0.475865 0.485712 0.470829 0.410307 0.372639 0.517786 0.412068 0.521473 0.507906 0.416060 0.424598 0.397675 0.516058 0.392968 0.555597 0.530476 0.540358 0.378311 0.489005 0.475252 0.433346 0.384057 0.404270 0.556124 0.473422 0.511367 0.449499 0.508533 0.542095 0.459207 0.438096 0.421543 0.348311 0.437797 0.461366 0.464141 0.523315 0.484737 0.531437 0.535598 0.419816 0.470370 0.434996 0.459789 0.432802 0.459658 0.472165 0.509655 0.554025 0.438663 0.497382 0.476988 0.492911 0.447178 0.476732 0.433892
0.448698 0.496212 0.494031 0.472098 0.516005 0.493881 0.491903 0.492689 0.434415 0.511739 0.480846 0.490470 0.468335 0.502364 0.489930 0.552608 0.512817 0.519575 0.489364 0.520460 0.488818 0.475402 0.520279 0.494282 0.497021 0.507262 0.484681 0.505486 0.467868 0.494349 0.494850 0.521188 0.549135 0.471100 0.489774 0.511453 0.501626 0.524063 0.536724 0.524495 0.465315 0.531196 0.480513 0.524991 0.493838 0.503384 0.421877 0.530139 0.544998 0.489281 0.513188 0.499906 0.552656 0.498730 0.538070 0.474608 0.450512 0.487691 0.451478 0.459761 0.508384 0.491395 0.534167 0.492911 0.506612 0.539219 0.502722 0.474364
