0.767304 0.886106 0.896521 0.866603 0.909647 0.901412 0.625463 0.908282 0.911914 0.907301 0.906178 0.915583 0.538599 0.542806 0.849557 0.876786 0.840253 0.752356 0.877849 0.840140 0.543243 0.855798 0.916568 0.861810 0.723565 0.853011 0.721399 0.885974 0.567808 0.866010 0.625729 0.798802 0.844496 0.655980 0.840796 0.875954 0.887520 0.838038 0.903638 0.905410 0.600073 0.896660 0.918550 0.902132 0.892915 0.911014 0.547398 0.528491 0.803488 0.884782 0.521353 0.519888 0.540662 0.528870 0.816826 0.739617 0.739497 0.909266 0.905668 0.611685 0.609275 0.637258 0.626174 0.537413 0.535612 0.731712 0.741804 0.765959
0.886106 0.971477 0.976182 0.961513 0.981505 0.978247 0.707192 0.980980 0.982355 0.980602 0.980164 0.983689 0.566103 0.573251 0.951543 0.966916 0.945583 0.871151 0.967446 0.945514 0.574016 0.955332 0.984039 0.958827 0.839559 0.953648 0.837007 0.971417 0.615228 0.961178 0.707596 0.914606 0.948338 0.752106 0.945919 0.966482 0.972145 0.944110 0.979152 0.979861 0.667684 0.976243 0.984732 0.978544 0.974609 0.982019 0.581062 0.548882 0.918485 0.970854 0.536691 0.534174 0.569627 0.549560 0.928960 0.857640 0.857464 0.981357 0.979959 0.686021 0.682209 0.724933 0.708350 0.564131 0.561008 0.848839 0.859918 0.884822
0.896521 0.976182 0.980319 0.967295 0.984933 0.982116 0.716639 0.984479 0.985662 0.984155 0.983776 0.986805 0.569515 0.577053 0.958255 0.972136 0.952802 0.882000 0.972608 0.952734 0.577855 0.961716 0.987103 0.964877 0.850909 0.960185 0.848364 0.976128 0.621024 0.966997 0.717114 0.923838 0.955329 0.762782 0.953103 0.971747 0.976771 0.951447 0.982903 0.983514 0.675714 0.980369 0.987694 0.982372 0.978937 0.985374 0.585254 0.551427 0.927512 0.975634 0.538600 0.535956 0.573239 0.552148 0.937363 0.868779 0.868590 0.984804 0.983598 0.694784 0.690831 0.734954 0.717906 0.567468 0.564162 0.860108 0.870986 0.895274
0.866603 0.961513 0.967295 0.949580 0.973984 0.969874 0.690915 0.973318 0.975068 0.972837 0.972284 0.976783 0.560368 0.566898 0.937960 0.956006 0.931137 0.851115 0.956640 0.931063 0.567594 0.942343 0.977233 0.946419 0.818992 0.940382 0.816446 0.961442 0.605431 0.949183 0.691251 0.896861 0.934274 0.733488 0.931513 0.955487 0.962329 0.929467 0.971009 0.971901 0.653961 0.967371 0.978131 0.970248 0.965354 0.974640 0.574056 0.544628 0.901069 0.960751 0.533474 0.531184 0.563567 0.545237 0.912540 0.837250 0.837084 0.973794 0.972024 0.671078 0.667485 0.707644 0.691983 0.558532 0.555699 0.828325 0.839566 0.865256
0.909647 0.981505 0.984933 0.973984 0.988692 0.986407 0.729580 0.988326 0.989279 0.988064 0.987757 0.990193 0.574282 0.582307 0.966161 0.978106 0.961362 0.895808 0.978503 0.961306 0.583169 0.969170 0.990431 0.971904 0.865652 0.967838 0.863150 0.981460 0.629090 0.973725 0.730052 0.935193 0.963590 0.777176 0.961628 0.977775 0.981998 0.960162 0.987048 0.987546 0.686821 0.984975 0.990900 0.986617 0.983797 0.989047 0.591055 0.554971 0.938570 0.981047 0.541284 0.538453 0.578252 0.555750 0.947544 0.883067 0.882874 0.988588 0.987613 0.706789 0.702650 0.748545 0.730884 0.572103 0.568567 0.874627 0.885190 0.908474
0.901412 0.978247 0.982116 0.969874 0.986407 0.983795 0.721376 0.985987 0.987082 0.985686 0.985336 0.988137 0.571245 0.578940 0.961290 0.974450 0.956066 0.887151 0.974889 0.956014 0.579759 0.964577 0.988413 0.967579 0.856376 0.963115 0.853846 0.978200 0.623975 0.969585 0.721812 0.928120 0.958481 0.768018 0.956348 0.974075 0.978804 0.954761 0.984524 0.985093 0.679759 0.982162 0.988956 0.984034 0.980835 0.986816 0.587344 0.552706 0.931682 0.977735 0.539566 0.536864 0.575039 0.553456 0.941215 0.874059 0.873840 0.986287 0.985169 0.699151 0.695129 0.739889 0.722623 0.569121 0.565741 0.865447 0.876201 0.900192
0.625463 0.707192 0.716639 0.690915 0.729580 0.721376 0.554954 0.728202 0.731944 0.727189 0.726062 0.735846 0.516642 0.518430 0.677931 0.699220 0.671161 0.617211 0.700093 0.671139 0.518609 0.682522 0.736928 0.687133 0.601975 0.680417 0.600889 0.707108 0.529342 0.690412 0.555000 0.643980 0.674182 0.568917 0.671542 0.698485 0.708472 0.669567 0.723527 0.725297 0.543546 0.716777 0.739092 0.722085 0.713383 0.731014 0.520414 0.512267 0.646853 0.706024 0.509183 0.508563 0.517500 0.512427 0.655333 0.610263 0.610176 0.729198 0.725540 0.548697 0.547622 0.560252 0.555187 0.516080 0.515335 0.606091 0.611410 0.624701
0.908282 0.980980 0.984479 0.973318 0.988326 0.985987 0.728202 0.987953 0.988928 0.987683 0.987369 0.989865 0.573773 0.581718 0.965364 0.977512 0.960490 0.894350 0.977918 0.960434 0.582568 0.968417 0.990109 0.971200 0.864078 0.967063 0.861591 0.980935 0.628210 0.973055 0.728619 0.934015 0.962752 0.775638 0.960767 0.977179 0.981482 0.959274 0.986642 0.987152 0.685640 0.984523 0.990591 0.986202 0.983319 0.988691 0.590397 0.554591 0.937425 0.980510 0.540988 0.538179 0.577686 0.555344 0.946505 0.881529 0.881366 0.988221 0.987223 0.705482 0.701360 0.747070 0.729430 0.571570 0.568101 0.873076 0.883706 0.907096
0.911914 0.982355 0.985662 0.975068 0.989279 0.987082 0.731944 0.988928 0.989842 0.988675 0.988381 0.990719 0.575168 0.583275 0.967457 0.979065 0.962775 0.898200 0.979450 0.962720 0.584148 0.970386 0.990947 0.973047 0.868241 0.969089 0.865755 0.982311 0.630575 0.974817 0.732404 0.937115 0.964951 0.779782 0.963037 0.978746 0.982830 0.961603 0.987698 0.988177 0.688866 0.985704 0.991396 0.987284 0.984567 0.989620 0.592119 0.555629 0.940437 0.981911 0.541781 0.538915 0.579177 0.556412 0.949252 0.885555 0.885374 0.989180 0.988243 0.708979 0.704812 0.751014 0.733232 0.572957 0.569390 0.877172 0.887681 0.910754
0.907301 0.980602 0.984155 0.972837 0.988064 0.985686 0.727189 0.987683 0.988675 0.987410 0.987091 0.989629 0.573394 0.581322 0.964794 0.977088 0.959874 0.893327 0.977498 0.959817 0.582168 0.967884 0.989877 0.970696 0.862977 0.966516 0.860471 0.980556 0.627589 0.972571 0.727650 0.933186 0.962156 0.774518 0.960147 0.976746 0.981112 0.958644 0.986352 0.986870 0.684758 0.984198 0.990368 0.985904 0.982976 0.988434 0.589963 0.554310 0.936617 0.980128 0.540777 0.537985 0.577309 0.555073 0.945758 0.880475 0.880283 0.987956 0.986940 0.704555 0.700455 0.746024 0.728466 0.571224 0.567744 0.871990 0.882619 0.906110
0.906178 0.980164 0.983776 0.972284 0.987757 0.985336 0.726062 0.987369 0.988381 0.987091 0.986766 0.989354 0.572978 0.580856 0.964135 0.976596 0.959157 0.892146 0.977012 0.959100 0.581697 0.967264 0.989607 0.970113 0.861706 0.965876 0.859199 0.980117 0.626881 0.972014 0.726505 0.932222 0.961465 0.773266 0.959432 0.976249 0.980682 0.957914 0.986013 0.986541 0.683791 0.983821 0.990107 0.985558 0.982578 0.988135 0.589452 0.554001 0.935681 0.979681 0.540541 0.537767 0.576862 0.554757 0.944901 0.879243 0.879057 0.987647 0.986613 0.703512 0.699417 0.744839 0.727326 0.570810 0.567357 0.870736 0.881397 0.904980
0.915583 0.983689 0.986805 0.976783 0.990193 0.988137 0.735846 0.989865 0.990719 0.989629 0.989354 0.991536 0.576648 0.584909 0.969513 0.980576 0.965026 0.902093 0.980942 0.964970 0.585789 0.972318 0.991747 0.974858 0.872460 0.971079 0.870005 0.983648 0.633043 0.976546 0.736304 0.940206 0.967113 0.784076 0.965280 0.980276 0.984137 0.963902 0.988715 0.989163 0.692245 0.986844 0.992166 0.988326 0.985773 0.990511 0.593909 0.556739 0.943437 0.983269 0.542600 0.539683 0.580720 0.557521 0.951992 0.889601 0.889440 0.990100 0.989225 0.712626 0.708402 0.755102 0.737135 0.574373 0.570763 0.881323 0.891723 0.914434
0.538599 0.566103 0.569515 0.560368 0.574282 0.571245 0.516642 0.573773 0.575168 0.573394 0.572978 0.576648 0.505030 0.505570 0.555874 0.563262 0.553585 0.535964 0.563584 0.553576 0.505615 0.557462 0.577053 0.559056 0.531139 0.556741 0.530817 0.566076 0.508862 0.560200 0.516650 0.544568 0.554603 0.520907 0.553719 0.563016 0.566554 0.553052 0.572043 0.572685 0.513167 0.569558 0.577879 0.571509 0.568322 0.574824 0.506161 0.503710 0.545503 0.565673 0.502763 0.502582 0.505277 0.503749 0.548319 0.533723 0.533715 0.574140 0.572782 0.514736 0.514409 0.518255 0.516697 0.504840 0.504634 0.532432 0.534113 0.538330
0.542806 0.573251 0.577053 0.566898 0.582307 0.578940 0.518430 0.581718 0.583275 0.581322 0.580856 0.584909 0.505570 0.506189 0.561928 0.570111 0.559430 0.539897 0.570464 0.559403 0.506242 0.563720 0.585352 0.565463 0.534543 0.562928 0.534162 0.573212 0.509821 0.566724 0.518494 0.549439 0.560550 0.523179 0.559556 0.569826 0.573745 0.558844 0.579836 0.580532 0.514578 0.577079 0.586267 0.579220 0.575691 0.582891 0.506847 0.504111 0.550474 0.572798 0.503063 0.502862 0.505865 0.504163 0.553575 0.537447 0.537408 0.582131 0.580633 0.516342 0.515985 0.520252 0.518554 0.505384 0.505132 0.536005 0.537835 0.542508
0.849557 0.951543 0.958255 0.937960 0.966161 0.961290 0.677931 0.965364 0.967457 0.964794 0.964135 0.969513 0.555874 0.561928 0.925053 0.945246 0.917552 0.833832 0.945955 0.917486 0.562593 0.929880 0.970060 0.934416 0.801700 0.927707 0.799133 0.951464 0.597782 0.937503 0.678266 0.880924 0.920985 0.718409 0.917949 0.944633 0.952494 0.915714 0.962625 0.963685 0.643114 0.958344 0.971144 0.961727 0.956006 0.966944 0.568592 0.541276 0.885342 0.950679 0.530996 0.528866 0.558872 0.541881 0.897464 0.819915 0.819670 0.965933 0.963825 0.659187 0.655823 0.693769 0.678974 0.554222 0.551536 0.810932 0.822145 0.848219
0.876786 0.966916 0.972136 0.956006 0.978106 0.974450 0.699220 0.977512 0.979065 0.977088 0.976596 0.980576 0.563262 0.570111 0.945246 0.961912 0.938855 0.861582 0.962483 0.938792 0.570855 0.949319 0.980974 0.953090 0.829687 0.947495 0.827103 0.966854 0.610424 0.955634 0.699603 0.906231 0.941794 0.743004 0.939194 0.961423 0.967661 0.937275 0.975461 0.976257 0.660936 0.972203 0.981762 0.974781 0.970396 0.978686 0.577624 0.546769 0.910276 0.966235 0.535113 0.532706 0.566646 0.547444 0.921231 0.847892 0.847662 0.977936 0.976362 0.678702 0.674987 0.716475 0.700383 0.561389 0.558362 0.838971 0.850103 0.875490
0.840253 0.945583 0.952802 0.931137 0.961362 0.956066 0.671161 0.960490 0.962775 0.959874 0.959157 0.965026 0.553585 0.559430 0.917552 0.938855 0.909755 0.824438 0.939618 0.909666 0.560063 0.922639 0.965622 0.927405 0.792386 0.920366 0.789838 0.945492 0.593822 0.930667 0.671557 0.872026 0.913330 0.710551 0.910171 0.938214 0.946592 0.907857 0.957520 0.958665 0.637492 0.952892 0.966813 0.956538 0.950355 0.962214 0.565818 0.539590 0.876540 0.944658 0.529713 0.527670 0.556483 0.540162 0.888979 0.810548 0.810326 0.961112 0.958821 0.653056 0.649808 0.686587 0.672238 0.552019 0.549435 0.801627 0.812799 0.838886
0.752356 0.871151 0.882000 0.851115 0.895808 0.887151 0.617211 0.894350 0.898200 0.893327 0.892146 0.902093 0.535964 0.539897 0.833832 0.861582 0.824438 0.737980 0.862640 0.824357 0.540310 0.840148 0.903142 0.846229 0.710256 0.837295 0.708142 0.871032 0.563253 0.850483 0.617471 0.783235 0.828683 0.645907 0.824913 0.860672 0.872641 0.822191 0.889480 0.891338 0.593379 0.882133 0.905255 0.887906 0.878276 0.897250 0.544205 0.526545 0.787853 0.869807 0.519895 0.518539 0.537896 0.526927 0.801008 0.725669 0.725447 0.895384 0.891585 0.604316 0.602028 0.628301 0.617951 0.534871 0.533152 0.717996 0.727592 0.751069
0.877849 0.967446 0.972608 0.956640 0.978503 0.974889 0.700093 0.977918 0.979450 0.977498 0.977012 0.980942 0.563584 0.570464 0.945955 0.962483 0.939618 0.862640 0.963056 0.939548 0.571196 0.950004 0.981334 0.953749 0.830754 0.948200 0.828200 0.967381 0.610934 0.956278 0.700473 0.907170 0.942539 0.744017 0.939969 0.962010 0.968177 0.938057 0.975890 0.976675 0.661677 0.972673 0.982112 0.975217 0.970879 0.979076 0.577988 0.547013 0.911196 0.966765 0.535273 0.532859 0.566965 0.547662 0.922119 0.848941 0.848762 0.978336 0.976783 0.679496 0.675778 0.717404 0.701219 0.561667 0.558672 0.840068 0.851229 0.876532
0.840140 0.945514 0.952734 0.931063 0.961306 0.956014 0.671139 0.960434 0.962720 0.959817 0.959100 0.964970 0.553576 0.559403 0.917486 0.938792 0.909666 0.824357 0.939548 0.909598 0.560029 0.922559 0.965570 0.927326 0.792317 0.920282 0.789771 0.945431 0.593831 0.930582 0.671505 0.871942 0.913238 0.710454 0.910071 0.938133 0.946533 0.907749 0.957463 0.958610 0.637464 0.952823 0.966760 0.956485 0.950306 0.962159 0.565790 0.539574 0.876443 0.944593 0.529700 0.527668 0.556458 0.540156 0.888878 0.810421 0.810151 0.961055 0.958760 0.653006 0.649772 0.686504 0.672177 0.551984 0.549407 0.801479 0.812620 0.838775
0.543243 0.574016 0.577855 0.567594 0.583169 0.579759 0.518609 0.582568 0.584148 0.582168 0.581697 0.585789 0.505615 0.506242 0.562593 0.570855 0.560063 0.540310 0.571196 0.560029 0.506309 0.564387 0.586238 0.566143 0.534922 0.563580 0.534511 0.573968 0.509912 0.567410 0.518677 0.549954 0.561200 0.523429 0.560182 0.570566 0.574520 0.559476 0.580659 0.581379 0.514725 0.577897 0.587165 0.580043 0.576484 0.583752 0.506921 0.504143 0.551017 0.573569 0.503106 0.502892 0.505929 0.504206 0.554117 0.537905 0.537855 0.582990 0.581475 0.516511 0.516137 0.520469 0.518763 0.505459 0.505177 0.536417 0.538266 0.542979
0.855798 0.955332 0.961716 0.942343 0.969170 0.964577 0.682522 0.968417 0.970386 0.967884 0.967264 0.972318 0.557462 0.563720 0.929880 0.949319 0.922639 0.840148 0.950004 0.922559 0.564387 0.934575 0.972827 0.938941 0.807953 0.932478 0.805385 0.955255 0.600481 0.941914 0.682924 0.886811 0.925961 0.723793 0.923019 0.948741 0.956231 0.920866 0.965843 0.966836 0.646931 0.961793 0.973843 0.964990 0.959564 0.969905 0.570554 0.542472 0.891159 0.954507 0.531859 0.529681 0.560547 0.543077 0.903067 0.826229 0.826007 0.968953 0.966970 0.663429 0.659981 0.698733 0.683649 0.555755 0.553007 0.817268 0.828475 0.854436
0.916568 0.984039 0.987103 0.977233 0.990431 0.988413 0.736928 0.990109 0.990947 0.989877 0.989607 0.991747 0.577053 0.585352 0.970060 0.980974 0.965622 0.903142 0.981334 0.965570 0.586238 0.972827 0.991955 0.975334 0.873617 0.971604 0.871163 0.983999 0.633738 0.976998 0.737387 0.941037 0.967686 0.785244 0.965873 0.980676 0.984480 0.964507 0.988979 0.989420 0.693181 0.987141 0.992365 0.988598 0.986090 0.990743 0.594397 0.557033 0.944239 0.983626 0.542833 0.539899 0.581151 0.557829 0.952717 0.890699 0.890525 0.990340 0.989480 0.713618 0.709394 0.756214 0.738211 0.574772 0.571135 0.882440 0.892804 0.915430
0.861810 0.958827 0.964877 0.946419 0.971904 0.967579 0.687133 0.971200 0.973047 0.970696 0.970113 0.974858 0.559056 0.565463 0.934416 0.953090 0.927405 0.846229 0.953749 0.927326 0.566143 0.938941 0.975334 0.943150 0.814055 0.936920 0.811503 0.958752 0.603191 0.946010 0.687499 0.892416 0.930627 0.729134 0.927788 0.952548 0.959678 0.925690 0.968773 0.969710 0.650790 0.964953 0.976284 0.967970 0.962839 0.972596 0.572470 0.543655 0.896688 0.958035 0.532742 0.530502 0.562201 0.544257 0.908366 0.832329 0.832150 0.971703 0.969839 0.667625 0.664101 0.703633 0.688219 0.557273 0.554487 0.823393 0.834635 0.860450
0.723565 0.839559 0.850909 0.818992 0.865652 0.856376 0.601975 0.864078 0.868241 0.862977 0.861706 0.872460 0.531139 0.534543 0.801700 0.829687 0.792386 0.710256 0.830754 0.792317 0.534922 0.807953 0.873617 0.814055 0.684954 0.805111 0.682997 0.839434 0.554852 0.818339 0.602211 0.752593 0.796585 0.627272 0.792856 0.828728 0.841123 0.790160 0.858848 0.860854 0.581106 0.851061 0.875925 0.857172 0.847015 0.867205 0.538296 0.522965 0.756983 0.838183 0.517249 0.516059 0.532841 0.523321 0.769538 0.699031 0.698777 0.865201 0.861110 0.590641 0.588655 0.611718 0.602637 0.530237 0.528704 0.691973 0.700743 0.722423
0.853011 0.953648 0.960185 0.940382 0.967838 0.963115 0.680417 0.967063 0.969089 0.966516 0.965876 0.971079 0.556741 0.562928 0.927707 0.947495 0.920366 0.837295 0.948200 0.920282 0.563580 0.932478 0.971604 0.936920 0.805111 0.930357 0.802549 0.953566 0.599242 0.939950 0.680846 0.884176 0.923739 0.721346 0.920762 0.946906 0.954565 0.918567 0.964417 0.965437 0.645174 0.960262 0.972651 0.963537 0.957974 0.968593 0.569663 0.541931 0.888547 0.952805 0.531454 0.529302 0.559797 0.542526 0.900564 0.823368 0.823144 0.967615 0.965576 0.661481 0.658103 0.696479 0.681524 0.555058 0.552347 0.814423 0.825641 0.851636
0.721399 0.837007 0.848364 0.816446 0.863150 0.853846 0.600889 0.861591 0.865755 0.860471 0.859199 0.870005 0.530817 0.534162 0.799133 0.827103 0.789838 0.708142 0.828200 0.789771 0.534511 0.805385 0.871163 0.811503 0.682997 0.802549 0.681124 0.836886 0.554244 0.815804 0.601059 0.750205 0.794029 0.625907 0.790344 0.826181 0.838559 0.787628 0.856328 0.858334 0.580236 0.848518 0.873484 0.854656 0.844458 0.864723 0.537846 0.522733 0.754565 0.835594 0.517038 0.515876 0.532451 0.523048 0.767133 0.696886 0.696722 0.862710 0.858607 0.589646 0.587682 0.610491 0.601438 0.529849 0.528410 0.689955 0.698715 0.720207
0.885974 0.971417 0.976128 0.961442 0.981460 0.978200 0.707108 0.980935 0.982311 0.980556 0.980117 0.983648 0.566076 0.573212 0.951464 0.966854 0.945492 0.871032 0.967381 0.945431 0.573968 0.955255 0.983999 0.958752 0.839434 0.953566 0.836886 0.971359 0.615189 0.961104 0.707493 0.914497 0.948247 0.751971 0.945823 0.966413 0.972088 0.944012 0.979105 0.979815 0.667606 0.976187 0.984692 0.978497 0.974558 0.981976 0.581017 0.548859 0.918373 0.970794 0.536665 0.534159 0.569584 0.549538 0.928856 0.857486 0.857292 0.981311 0.979911 0.685933 0.682125 0.724813 0.708244 0.564079 0.560970 0.848677 0.859742 0.884685
0.567808 0.615228 0.621024 0.605431 0.629090 0.623975 0.529342 0.628210 0.630575 0.627589 0.626881 0.633043 0.508862 0.509821 0.597782 0.610424 0.593822 0.563253 0.610934 0.593831 0.509912 0.600481 0.633738 0.603191 0.554852 0.599242 0.554244 0.615189 0.515650 0.605122 0.529387 0.578246 0.595572 0.536831 0.594015 0.609936 0.616024 0.592873 0.625309 0.626405 0.523217 0.621089 0.635112 0.624405 0.619044 0.629990 0.510878 0.506528 0.579857 0.614542 0.504886 0.504561 0.509324 0.506624 0.584674 0.559388 0.559283 0.628837 0.626538 0.525981 0.525419 0.532178 0.529484 0.508563 0.508157 0.557071 0.559955 0.567380
0.866010 0.961178 0.966997 0.949183 0.973725 0.969585 0.690412 0.973055 0.974817 0.972571 0.972014 0.976546 0.560200 0.566724 0.937503 0.955634 0.930667 0.850483 0.956278 0.930582 0.567410 0.941914 0.976998 0.946010 0.818339 0.939950 0.815804 0.961104 0.605122 0.948790 0.690772 0.896295 0.933816 0.732937 0.931053 0.955121 0.961994 0.928998 0.970730 0.971627 0.653541 0.967072 0.977903 0.969961 0.965032 0.974386 0.573849 0.544509 0.900512 0.960410 0.533372 0.531089 0.563392 0.545102 0.912023 0.836611 0.836475 0.973535 0.971754 0.670623 0.667047 0.707131 0.691483 0.558365 0.555555 0.827712 0.838975 0.864646
0.625729 0.707596 0.717114 0.691251 0.730052 0.721812 0.555000 0.728619 0.732404 0.727650 0.726505 0.736304 0.516650 0.518494 0.678266 0.699603 0.671557 0.617471 0.700473 0.671505 0.518677 0.682924 0.737387 0.687499 0.602211 0.680846 0.601059 0.707493 0.529387 0.690772 0.555192 0.644331 0.674572 0.569021 0.671897 0.698824 0.708873 0.669954 0.723994 0.725743 0.543568 0.717206 0.739553 0.722488 0.713776 0.731459 0.520482 0.512273 0.647192 0.706483 0.509198 0.508574 0.517568 0.512461 0.655636 0.610594 0.610409 0.729638 0.725972 0.548768 0.547727 0.560374 0.555377 0.516155 0.515344 0.606382 0.611632 0.624970
0.798802 0.914606 0.923838 0.896861 0.935193 0.928120 0.643980 0.934015 0.937115 0.933186 0.932222 0.940206 0.544568 0.549439 0.880924 0.906231 0.872026 0.783235 0.907170 0.871942 0.549954 0.886811 0.941037 0.892416 0.752593 0.884176 0.750205 0.914497 0.578246 0.896295 0.644331 0.831167 0.876080 0.678263 0.872499 0.905425 0.915887 0.869868 0.930041 0.931567 0.615125 0.923950 0.942692 0.928738 0.920690 0.936350 0.554756 0.532899 0.835875 0.913448 0.524682 0.522992 0.546981 0.533381 0.849123 0.769774 0.769519 0.934857 0.931771 0.628375 0.625640 0.657293 0.644874 0.543244 0.541100 0.761264 0.771920 0.797434
0.844496 0.948338 0.955329 0.934274 0.963590 0.958481 0.674182 0.962752 0.964951 0.962156 0.961465 0.967113 0.554603 0.560550 0.920985 0.941794 0.913330 0.828683 0.942539 0.913238 0.561200 0.925961 0.967686 0.930627 0.796585 0.923739 0.794029 0.948247 0.595572 0.933816 0.674572 0.876080 0.916846 0.714101 0.913750 0.941176 0.949316 0.911467 0.959884 0.960992 0.640004 0.955420 0.968830 0.958937 0.952959 0.964410 0.567056 0.540341 0.880555 0.947437 0.530289 0.528199 0.557557 0.540921 0.892860 0.814805 0.814601 0.963352 0.961144 0.655792 0.652498 0.689820 0.675253 0.553015 0.550383 0.805870 0.817092 0.843141
0.655980 0.752106 0.762782 0.733488 0.777176 0.768018 0.568917 0.775638 0.779782 0.774518 0.773266 0.784076 0.520907 0.523179 0.718409 0.743004 0.710551 0.645907 0.744017 0.710454 0.523429 0.723793 0.785244 0.729134 0.627272 0.721346 0.625907 0.751971 0.536831 0.732937 0.569021 0.678263 0.714101 0.586438 0.711011 0.742233 0.753523 0.708735 0.770441 0.772414 0.554674 0.762954 0.787631 0.768815 0.759028 0.778743 0.525690 0.515424 0.681750 0.750772 0.511567 0.510764 0.522022 0.515626 0.691842 0.637578 0.637539 0.776750 0.772705 0.561158 0.559778 0.575632 0.569301 0.520268 0.519290 0.632473 0.639025 0.655087
0.840796 0.945919 0.953103 0.931513 0.961628 0.956348 0.671542 0.960767 0.963037 0.960147 0.959432 0.965280 0.553719 0.559556 0.917949 0.939194 0.910171 0.824913 0.939969 0.910071 0.560182 0.923019 0.965873 0.927788 0.792856 0.920762 0.790344 0.945823 0.594015 0.931053 0.671897 0.872499 0.913750 0.711011 0.910623 0.938578 0.946917 0.908286 0.957798 0.958942 0.637821 0.953200 0.967059 0.956820 0.950658 0.962478 0.565934 0.539687 0.877007 0.944984 0.529780 0.527727 0.556601 0.540229 0.889458 0.811011 0.810868 0.961387 0.959106 0.653361 0.650125 0.686973 0.672527 0.552118 0.549579 0.802137 0.813395 0.839415
0.875954 0.966482 0.971747 0.955487 0.977775 0.974075 0.698485 0.977179 0.978746 0.976746 0.976249 0.980276 0.563016 0.569826 0.944633 0.961423 0.938214 0.860672 0.962010 0.938133 0.570566 0.948741 0.980676 0.952548 0.828728 0.946906 0.826181 0.966413 0.609936 0.955121 0.698824 0.905425 0.941176 0.742233 0.938578 0.960957 0.967224 0.936647 0.975100 0.975904 0.660338 0.971820 0.981475 0.974414 0.969977 0.978363 0.577297 0.546601 0.909501 0.965782 0.534968 0.532563 0.566360 0.547228 0.920528 0.846973 0.846852 0.977606 0.976018 0.678044 0.674308 0.715731 0.699597 0.561124 0.558163 0.838102 0.849317 0.874639
0.887520 0.972145 0.976771 0.962329 0.981998 0.978804 0.708472 0.981482 0.982830 0.981112 0.980682 0.984137 0.566554 0.573745 0.952494 0.967661 0.946592 0.872641 0.968177 0.946533 0.574520 0.956231 0.984480 0.959678 0.841123 0.954565 0.838559 0.972088 0.616024 0.961994 0.708873 0.915887 0.949316 0.753523 0.946917 0.967224 0.972807 0.945127 0.979690 0.980386 0.668764 0.976830 0.985158 0.979094 0.975232 0.982501 0.581619 0.549209 0.919736 0.971536 0.536951 0.534417 0.570108 0.549912 0.930117 0.859163 0.858948 0.981851 0.980480 0.687193 0.683365 0.726265 0.709643 0.564577 0.561412 0.850351 0.861383 0.886253
0.838038 0.944110 0.951447 0.929467 0.960162 0.954761 0.669567 0.959274 0.961603 0.958644 0.957914 0.963902 0.553052 0.558844 0.915714 0.937275 0.907857 0.822191 0.938057 0.907749 0.559476 0.920866 0.964507 0.925690 0.790160 0.918567 0.787628 0.944012 0.592873 0.928998 0.669954 0.869868 0.911467 0.708735 0.908286 0.936647 0.945127 0.905960 0.956244 0.957411 0.636183 0.951543 0.965727 0.955244 0.948944 0.961030 0.565171 0.539206 0.874419 0.943162 0.529418 0.527389 0.555919 0.539755 0.886937 0.808332 0.808169 0.959908 0.957575 0.651636 0.648386 0.684921 0.670646 0.551506 0.548957 0.799448 0.810639 0.836665
0.903638 0.979152 0.982903 0.971009 0.987048 0.984524 0.723527 0.986642 0.987698 0.986352 0.986013 0.988715 0.572043 0.579836 0.962625 0.975461 0.957520 0.889480 0.975890 0.957463 0.580659 0.965843 0.988979 0.968773 0.858848 0.964417 0.856328 0.979105 0.625309 0.970730 0.723994 0.930041 0.959884 0.770441 0.957798 0.975100 0.979690 0.956244 0.985230 0.985779 0.681605 0.982947 0.989503 0.984755 0.981657 0.987442 0.588322 0.553306 0.933554 0.978654 0.540008 0.537277 0.575884 0.554056 0.942944 0.876471 0.876267 0.986932 0.985853 0.701162 0.697112 0.742178 0.724804 0.569901 0.566486 0.867913 0.878620 0.902422
0.905410 0.979861 0.983514 0.971901 0.987546 0.985093 0.725297 0.987152 0.988177 0.986870 0.986541 0.989163 0.572685 0.580532 0.963685 0.976257 0.958665 0.891338 0.976675 0.958610 0.581379 0.966836 0.989420 0.969710 0.860854 0.965437 0.858334 0.979815 0.626405 0.971627 0.725743 0.931567 0.960992 0.772414 0.958942 0.975904 0.980386 0.957411 0.985779 0.986314 0.683133 0.983560 0.989927 0.985318 0.982304 0.987928 0.589103 0.553777 0.935043 0.979375 0.540390 0.537620 0.576568 0.554543 0.944307 0.878424 0.878223 0.987434 0.986386 0.702790 0.698713 0.744030 0.726564 0.570547 0.567086 0.869889 0.880566 0.904220
0.600073 0.667684 0.675714 0.653961 0.686821 0.679759 0.543546 0.685640 0.688866 0.684758 0.683791 0.692245 0.513167 0.514578 0.643114 0.660936 0.637492 0.593379 0.661677 0.637464 0.514725 0.646931 0.693181 0.650790 0.581106 0.645174 0.580236 0.667606 0.523217 0.653541 0.543568 0.615125 0.640004 0.554674 0.637821 0.660338 0.668764 0.636183 0.681605 0.683133 0.534493 0.675846 0.695065 0.680374 0.672932 0.688060 0.516151 0.509706 0.617485 0.666683 0.507271 0.506775 0.513845 0.509830 0.624440 0.587793 0.587751 0.686499 0.683350 0.538576 0.537714 0.547765 0.543722 0.512727 0.512138 0.584437 0.588747 0.599464
0.896660 0.976243 0.980369 0.967371 0.984975 0.982162 0.716777 0.984523 0.985704 0.984198 0.983821 0.986844 0.569558 0.577079 0.958344 0.972203 0.952892 0.882133 0.972673 0.952823 0.577897 0.961793 0.987141 0.964953 0.851061 0.960262 0.848518 0.976187 0.621089 0.967072 0.717206 0.923950 0.955420 0.762954 0.953200 0.971820 0.976830 0.951543 0.982947 0.983560 0.675846 0.980423 0.987731 0.982420 0.978991 0.985416 0.585297 0.551457 0.927629 0.975693 0.538642 0.535982 0.573278 0.552175 0.937471 0.868941 0.868780 0.984847 0.983645 0.694906 0.690929 0.735098 0.718015 0.567519 0.564211 0.860270 0.871175 0.895428
0.918550 0.984732 0.987694 0.978131 0.990900 0.988956 0.739092 0.990591 0.991396 0.990368 0.990107 0.992166 0.577879 0.586267 0.971144 0.981762 0.966813 0.905255 0.982112 0.966760 0.587165 0.973843 0.992365 0.976284 0.875925 0.972651 0.873484 0.984692 0.635112 0.977903 0.739553 0.942692 0.968830 0.787631 0.967059 0.981475 0.985158 0.965727 0.989503 0.989927 0.695065 0.987731 0.992758 0.989136 0.986714 0.991201 0.595407 0.557655 0.945846 0.984332 0.543298 0.540330 0.582019 0.558453 0.954177 0.892918 0.892758 0.990813 0.989986 0.715658 0.711391 0.758494 0.740394 0.575578 0.571903 0.884717 0.895017 0.917424
0.902132 0.978544 0.982372 0.970248 0.986617 0.984034 0.722085 0.986202 0.987284 0.985904 0.985558 0.988326 0.571509 0.579220 0.961727 0.974781 0.956538 0.887906 0.975217 0.956485 0.580043 0.964990 0.988598 0.967970 0.857172 0.963537 0.854656 0.978497 0.624405 0.969961 0.722488 0.928738 0.958937 0.768815 0.956820 0.974414 0.979094 0.955244 0.984755 0.985318 0.680374 0.982420 0.989136 0.984271 0.981105 0.987021 0.587655 0.552908 0.932289 0.978033 0.539712 0.537000 0.575300 0.553648 0.941780 0.874833 0.874638 0.986498 0.985393 0.699816 0.695763 0.740634 0.723311 0.569362 0.565988 0.866241 0.876993 0.900915
0.892915 0.974609 0.978937 0.965354 0.983797 0.980835 0.713383 0.983319 0.984567 0.982976 0.982578 0.985773 0.568322 0.575691 0.956006 0.970396 0.950355 0.878276 0.970879 0.950306 0.576484 0.959564 0.986090 0.962839 0.847015 0.957974 0.844458 0.974558 0.619044 0.965032 0.713776 0.920690 0.952959 0.759028 0.950658 0.969977 0.975232 0.948944 0.981657 0.982304 0.672932 0.978991 0.986714 0.981105 0.977506 0.984263 0.583772 0.550520 0.924429 0.974039 0.537937 0.535344 0.571960 0.551252 0.934488 0.864918 0.864676 0.983660 0.982388 0.691722 0.687821 0.731428 0.714567 0.566282 0.563031 0.856155 0.867078 0.891672
0.911014 0.982019 0.985374 0.974640 0.989047 0.986816 0.731014 0.988691 0.989620 0.988434 0.988135 0.990511 0.574824 0.582891 0.966944 0.978686 0.962214 0.897250 0.979076 0.962159 0.583752 0.969905 0.990743 0.972596 0.867205 0.968593 0.864723 0.981976 0.629990 0.974386 0.731459 0.936350 0.964410 0.778743 0.962478 0.978363 0.982501 0.961030 0.987442 0.987928 0.688060 0.985416 0.991201 0.987021 0.984263 0.989394 0.591691 0.555375 0.939693 0.981569 0.541577 0.538731 0.578802 0.556147 0.948577 0.884546 0.884367 0.988946 0.987994 0.708110 0.703954 0.750027 0.732282 0.572601 0.569068 0.876147 0.886681 0.909842
0.547398 0.581062 0.585254 0.574056 0.591055 0.587344 0.520414 0.590397 0.592119 0.589963 0.589452 0.593909 0.506161 0.506847 0.568592 0.577624 0.565818 0.544205 0.577988 0.565790 0.506921 0.570554 0.594397 0.572470 0.538296 0.569663 0.537846 0.581017 0.510878 0.573849 0.520482 0.554756 0.567056 0.525690 0.565934 0.577297 0.581619 0.565171 0.588322 0.589103 0.516151 0.585297 0.595407 0.587655 0.583772 0.591691 0.507595 0.504546 0.555919 0.580577 0.503406 0.503174 0.506501 0.504617 0.559311 0.541555 0.541489 0.590853 0.589202 0.518117 0.517702 0.522449 0.520584 0.505985 0.505676 0.539919 0.541928 0.547108
0.528491 0.548882 0.551427 0.544628 0.554971 0.552706 0.512267 0.554591 0.555629 0.554310 0.554001 0.556739 0.503710 0.504111 0.541276 0.546769 0.539590 0.526545 0.547013 0.539574 0.504143 0.542472 0.557033 0.543655 0.522965 0.541931 0.522733 0.548859 0.506528 0.544509 0.512273 0.532899 0.540341 0.515424 0.539687 0.546601 0.549209 0.539206 0.553306 0.553777 0.509706 0.551457 0.557655 0.552908 0.550520 0.555375 0.504546 0.502741 0.533599 0.548554 0.502035 0.501903 0.503890 0.502764 0.535696 0.524882 0.524895 0.554861 0.553854 0.510874 0.510624 0.513468 0.512314 0.503566 0.503419 0.523939 0.525182 0.528282
0.803488 0.918485 0.927512 0.901069 0.938570 0.931682 0.646853 0.937425 0.940437 0.936617 0.935681 0.943437 0.545503 0.550474 0.885342 0.910276 0.876540 0.787853 0.911196 0.876443 0.551017 0.891159 0.944239 0.896688 0.756983 0.888547 0.754565 0.918373 0.579857 0.900512 0.647192 0.835875 0.880555 0.681750 0.877007 0.909501 0.919736 0.874419 0.933554 0.935043 0.617485 0.927629 0.945846 0.932289 0.924429 0.939693 0.555919 0.533599 0.840599 0.917346 0.525218 0.523480 0.547971 0.534088 0.853795 0.774357 0.774137 0.938243 0.935244 0.631004 0.628177 0.660434 0.647789 0.544175 0.541972 0.765777 0.776529 0.802134
0.884782 0.970854 0.975634 0.960751 0.981047 0.977735 0.706024 0.980510 0.981911 0.980128 0.979681 0.983269 0.565673 0.572798 0.950679 0.966235 0.944658 0.869807 0.966765 0.944593 0.573569 0.954507 0.983626 0.958035 0.838183 0.952805 0.835594 0.970794 0.614542 0.960410 0.706483 0.913448 0.947437 0.750772 0.944984 0.965782 0.971536 0.943162 0.978654 0.979375 0.666683 0.975693 0.984332 0.978033 0.974039 0.981569 0.580577 0.548554 0.917346 0.970230 0.536467 0.533963 0.569213 0.549263 0.927871 0.856298 0.856056 0.980894 0.979471 0.684951 0.681172 0.723707 0.707249 0.563762 0.560599 0.847446 0.858496 0.883511
0.521353 0.536691 0.538600 0.533474 0.541284 0.539566 0.509183 0.540988 0.541781 0.540777 0.540541 0.542600 0.502763 0.503063 0.530996 0.535113 0.529713 0.519895 0.535273 0.529700 0.503106 0.531859 0.542833 0.532742 0.517249 0.531454 0.517038 0.536665 0.504886 0.533372 0.509198 0.524682 0.530289 0.511567 0.529780 0.534968 0.536951 0.529418 0.540008 0.540390 0.507271 0.538642 0.543298 0.539712 0.537937 0.541577 0.503406 0.502035 0.525218 0.536467 0.501540 0.501428 0.502921 0.502071 0.526741 0.518739 0.518715 0.541203 0.540437 0.508139 0.507950 0.510096 0.509249 0.502698 0.502550 0.517985 0.518917 0.521250
0.519888 0.534174 0.535956 0.531184 0.538453 0.536864 0.508563 0.538179 0.538915 0.537985 0.537767 0.539683 0.502582 0.502862 0.528866 0.532706 0.527670 0.518539 0.532859 0.527668 0.502892 0.529681 0.539899 0.530502 0.516059 0.529302 0.515876 0.534159 0.504561 0.531089 0.508574 0.522992 0.528199 0.510764 0.527727 0.532563 0.534417 0.527389 0.537277 0.537620 0.506775 0.535982 0.540330 0.537000 0.535344 0.538731 0.503174 0.501903 0.523480 0.533963 0.501428 0.501330 0.502719 0.501932 0.524916 0.517413 0.517387 0.538374 0.537662 0.507586 0.507414 0.509400 0.508611 0.502501 0.502378 0.516724 0.517579 0.519769
0.540662 0.569627 0.573239 0.563567 0.578252 0.575039 0.517500 0.577686 0.579177 0.577309 0.576862 0.580720 0.505277 0.505865 0.558872 0.566646 0.556483 0.537896 0.566965 0.556458 0.505929 0.560547 0.581151 0.562201 0.532841 0.559797 0.532451 0.569584 0.509324 0.563392 0.517568 0.546981 0.557557 0.522022 0.556601 0.566360 0.570108 0.555919 0.575884 0.576568 0.513845 0.573278 0.582019 0.575300 0.571960 0.578802 0.506501 0.503890 0.547971 0.569213 0.502921 0.502719 0.505576 0.503953 0.550880 0.535635 0.535572 0.578088 0.576656 0.515512 0.515174 0.519237 0.517637 0.505133 0.504865 0.534231 0.535971 0.540419
0.528870 0.549560 0.552148 0.545237 0.555750 0.553456 0.512427 0.555344 0.556412 0.555073 0.554757 0.557521 0.503749 0.504163 0.541881 0.547444 0.540162 0.526927 0.547662 0.540156 0.504206 0.543077 0.557829 0.544257 0.523321 0.542526 0.523048 0.549538 0.506624 0.545102 0.512461 0.533381 0.540921 0.515626 0.540229 0.547228 0.549912 0.539755 0.554056 0.554543 0.509830 0.552175 0.558453 0.553648 0.551252 0.556147 0.504617 0.502764 0.534088 0.549263 0.502071 0.501932 0.503953 0.502809 0.536165 0.525294 0.525242 0.555625 0.554598 0.511021 0.510771 0.513654 0.512521 0.503637 0.503451 0.524290 0.525510 0.528694
0.816826 0.928960 0.937363 0.912540 0.947544 0.941215 0.655333 0.946505 0.949252 0.945758 0.944901 0.951992 0.548319 0.553575 0.897464 0.921231 0.888979 0.801008 0.922119 0.888878 0.554117 0.903067 0.952717 0.908366 0.769538 0.900564 0.767133 0.928856 0.584674 0.912023 0.655636 0.849123 0.892860 0.691842 0.889458 0.920528 0.930117 0.886937 0.942944 0.944307 0.624440 0.937471 0.954177 0.941780 0.934488 0.948577 0.559311 0.535696 0.853795 0.927871 0.526741 0.524916 0.550880 0.536165 0.866857 0.787205 0.787076 0.947249 0.944503 0.638663 0.635688 0.669546 0.656215 0.546820 0.544578 0.778543 0.789548 0.815403
0.739617 0.857640 0.868779 0.837250 0.883067 0.874059 0.610263 0.881529 0.885555 0.880475 0.879243 0.889601 0.533723 0.537447 0.819915 0.847892 0.810548 0.725669 0.848941 0.810421 0.537905 0.826229 0.890699 0.832329 0.699031 0.823368 0.696886 0.857486 0.559388 0.836611 0.610594 0.769774 0.814805 0.637578 0.811011 0.846973 0.859163 0.808332 0.876471 0.878424 0.587793 0.868941 0.892918 0.874833 0.864918 0.884546 0.541555 0.524882 0.774357 0.856298 0.518739 0.517413 0.535635 0.525294 0.787205 0.714088 0.713835 0.882622 0.878675 0.598139 0.595948 0.620876 0.611139 0.532868 0.531112 0.706598 0.715849 0.738495
0.739497 0.857464 0.868590 0.837084 0.882874 0.873840 0.610176 0.881366 0.885374 0.880283 0.879057 0.889440 0.533715 0.537408 0.819670 0.847662 0.810326 0.725447 0.848762 0.810151 0.537855 0.826007 0.890525 0.832150 0.698777 0.823144 0.696722 0.857292 0.559283 0.836475 0.610409 0.769519 0.814601 0.637539 0.810868 0.846852 0.858948 0.808169 0.876267 0.878223 0.587751 0.868780 0.892758 0.874638 0.864676 0.884367 0.541489 0.524895 0.774137 0.856056 0.518715 0.517387 0.535572 0.525242 0.787076 0.713835 0.713803 0.882452 0.878514 0.598067 0.595836 0.620798 0.610934 0.532797 0.531136 0.706464 0.715868 0.738327
0.909266 0.981357 0.984804 0.973794 0.988588 0.986287 0.729198 0.988221 0.989180 0.987956 0.987647 0.990100 0.574140 0.582131 0.965933 0.977936 0.961112 0.895384 0.978336 0.961055 0.582990 0.968953 0.990340 0.971703 0.865201 0.967615 0.862710 0.981311 0.628837 0.973535 0.729638 0.934857 0.963352 0.776750 0.961387 0.977606 0.981851 0.959908 0.986932 0.987434 0.686499 0.984847 0.990813 0.986498 0.983660 0.988946 0.590853 0.554861 0.938243 0.980894 0.541203 0.538374 0.578088 0.555625 0.947249 0.882622 0.882452 0.988485 0.987503 0.706406 0.702281 0.748124 0.730447 0.571948 0.568444 0.874186 0.884788 0.908090
0.905668 0.979959 0.983598 0.972024 0.987613 0.985169 0.725540 0.987223 0.988243 0.986940 0.986613 0.989225 0.572782 0.580633 0.963825 0.976362 0.958821 0.891585 0.976783 0.958760 0.581475 0.966970 0.989480 0.969839 0.861110 0.965576 0.858607 0.979911 0.626538 0.971754 0.725972 0.931771 0.961144 0.772705 0.959106 0.976018 0.980480 0.957575 0.985853 0.986386 0.683350 0.983645 0.989986 0.985393 0.982388 0.987994 0.589202 0.553854 0.935244 0.979471 0.540437 0.537662 0.576656 0.554598 0.944503 0.878675 0.878514 0.987503 0.986460 0.703013 0.698929 0.744292 0.726777 0.570624 0.567189 0.870169 0.880872 0.904469
0.611685 0.686021 0.694784 0.671078 0.706789 0.699151 0.548697 0.705482 0.708979 0.704555 0.703512 0.712626 0.514736 0.516342 0.659187 0.678702 0.653056 0.604316 0.679496 0.653006 0.516511 0.663429 0.713618 0.667625 0.590641 0.661481 0.589646 0.685933 0.525981 0.670623 0.548768 0.628375 0.655792 0.561158 0.653361 0.678044 0.687193 0.651636 0.701162 0.702790 0.538576 0.694906 0.715658 0.699816 0.691722 0.708110 0.518117 0.510874 0.631004 0.684951 0.508139 0.507586 0.515512 0.511021 0.638663 0.598139 0.598067 0.706406 0.703013 0.543207 0.542212 0.553470 0.548990 0.514267 0.513580 0.594388 0.599115 0.611009
0.609275 0.682209 0.690831 0.667485 0.702650 0.695129 0.547622 0.701360 0.704812 0.700455 0.699417 0.708402 0.514409 0.515985 0.655823 0.674987 0.649808 0.602028 0.675778 0.649772 0.516137 0.659981 0.709394 0.664101 0.588655 0.658103 0.587682 0.682125 0.525419 0.667047 0.547727 0.625640 0.652498 0.559778 0.650125 0.674308 0.683365 0.648386 0.697112 0.698713 0.537714 0.690929 0.711391 0.695763 0.687821 0.703954 0.517702 0.510624 0.628177 0.681172 0.507950 0.507414 0.515174 0.510771 0.635688 0.595948 0.595836 0.702281 0.698929 0.542212 0.541290 0.552260 0.547891 0.513945 0.513277 0.592285 0.596907 0.608593
0.637258 0.724933 0.734954 0.707644 0.748545 0.739889 0.560252 0.747070 0.751014 0.746024 0.744839 0.755102 0.518255 0.520252 0.693769 0.716475 0.686587 0.628301 0.717404 0.686504 0.520469 0.698733 0.756214 0.703633 0.611718 0.696479 0.610491 0.724813 0.532178 0.707131 0.560374 0.657293 0.689820 0.575632 0.686973 0.715731 0.726265 0.684921 0.742178 0.744030 0.547765 0.735098 0.758494 0.740634 0.731428 0.750027 0.522449 0.513468 0.660434 0.723707 0.510096 0.509400 0.519237 0.513654 0.669546 0.620876 0.620798 0.748124 0.744292 0.553470 0.552260 0.566156 0.560632 0.517704 0.516835 0.616322 0.622096 0.636455
0.626174 0.708350 0.717906 0.691983 0.730884 0.722623 0.555187 0.729430 0.733232 0.728466 0.727326 0.737135 0.516697 0.518554 0.678974 0.700383 0.672238 0.617951 0.701219 0.672177 0.518763 0.683649 0.738211 0.688219 0.602637 0.681524 0.601438 0.708244 0.529484 0.691483 0.555377 0.644874 0.675253 0.569301 0.672527 0.699597 0.709643 0.670646 0.724804 0.726564 0.543722 0.718015 0.740394 0.723311 0.714567 0.732282 0.520584 0.512314 0.647789 0.707249 0.509249 0.508611 0.517637 0.512521 0.656215 0.611139 0.610934 0.730447 0.726777 0.548990 0.547891 0.560632 0.555644 0.516245 0.515385 0.606854 0.612083 0.625466
0.537413 0.564131 0.567468 0.558532 0.572103 0.569121 0.516080 0.571570 0.572957 0.571224 0.570810 0.574373 0.504840 0.505384 0.554222 0.561389 0.552019 0.534871 0.561667 0.551984 0.505459 0.555755 0.574772 0.557273 0.530237 0.555058 0.529849 0.564079 0.508563 0.558365 0.516155 0.543244 0.553015 0.520268 0.552118 0.561124 0.564577 0.551506 0.569901 0.570547 0.512727 0.567519 0.575578 0.569362 0.566282 0.572601 0.505985 0.503566 0.544175 0.563762 0.502698 0.502501 0.505133 0.503637 0.546820 0.532868 0.532797 0.571948 0.570624 0.514267 0.513945 0.517704 0.516245 0.504744 0.504466 0.531544 0.533144 0.537228
0.535612 0.561008 0.564162 0.555699 0.568567 0.565741 0.515335 0.568101 0.569390 0.567744 0.567357 0.570763 0.504634 0.505132 0.551536 0.558362 0.549435 0.533152 0.558672 0.549407 0.505177 0.553007 0.571135 0.554487 0.528704 0.552347 0.528410 0.560970 0.508157 0.555555 0.515344 0.541100 0.550383 0.519290 0.549579 0.558163 0.561412 0.548957 0.566486 0.567086 0.512138 0.564211 0.571903 0.565988 0.563031 0.569068 0.505676 0.503419 0.541972 0.560599 0.502550 0.502378 0.504865 0.503451 0.544578 0.531112 0.531136 0.568444 0.567189 0.513580 0.513277 0.516835 0.515385 0.504466 0.504276 0.529933 0.531513 0.535367
