0.565014 0.648846 0.662533 0.614504 0.691022 0.643171 0.527191 0.670721 0.656717 0.698651 0.655977 0.705772 0.511331 0.515006 0.598044 0.626094 0.609462 0.573816 0.630869 0.624216 0.515591 0.621628 0.702379 0.624567 0.550977 0.622323 0.557751 0.650077 0.515735 0.606999 0.534341 0.583589 0.624240 0.542717 0.602420 0.639815 0.647593 0.605362 0.678836 0.664558 0.523497 0.656090 0.712435 0.688288 0.640694 0.694966 0.515670 0.509630 0.577136 0.634104 0.506248 0.505701 0.514555 0.509572 0.588164 0.559053 0.559105 0.702866 0.680329 0.528333 0.526043 0.533499 0.530419 0.509951 0.510796 0.555531 0.562867 0.570015
0.648846 0.808972 0.829797 0.749329 0.868804 0.799504 0.563581 0.841649 0.821047 0.878181 0.819949 0.886461 0.526542 0.535163 0.717805 0.770452 0.739843 0.667757 0.778834 0.767115 0.536592 0.762414 0.882622 0.767664 0.617918 0.763687 0.632990 0.810817 0.536915 0.735197 0.580139 0.688603 0.767166 0.599318 0.726471 0.794048 0.806788 0.732036 0.852915 0.832824 0.554992 0.820186 0.894002 0.865368 0.795494 0.873763 0.536800 0.522561 0.675036 0.784378 0.514703 0.513358 0.534148 0.522496 0.697734 0.635816 0.636082 0.883126 0.854878 0.566182 0.560870 0.578154 0.571126 0.523375 0.525319 0.627964 0.644202 0.659752
0.662533 0.829797 0.850956 0.769121 0.888802 0.820733 0.569702 0.862413 0.842089 0.897534 0.841063 0.905297 0.529176 0.538635 0.736129 0.791016 0.759342 0.683119 0.799451 0.787477 0.540162 0.782807 0.901755 0.788097 0.628967 0.784034 0.645372 0.831781 0.540523 0.754286 0.587930 0.705176 0.787679 0.608730 0.745035 0.814859 0.827871 0.751145 0.873484 0.853855 0.560394 0.841067 0.912276 0.885465 0.816565 0.893334 0.540417 0.524782 0.690611 0.805268 0.516127 0.514708 0.537556 0.524713 0.714954 0.648616 0.648631 0.902263 0.875399 0.572617 0.566840 0.585716 0.577989 0.525671 0.527807 0.640029 0.657519 0.674309
0.614504 0.749329 0.769121 0.696729 0.807822 0.740954 0.548355 0.780478 0.760763 0.817571 0.759691 0.826378 0.520187 0.526743 0.670109 0.714928 0.688638 0.629597 0.722260 0.712049 0.527792 0.707953 0.822286 0.712550 0.590218 0.709008 0.602013 0.751105 0.528050 0.684623 0.561052 0.646141 0.712054 0.575767 0.677212 0.735813 0.747500 0.682015 0.791640 0.771984 0.541860 0.759845 0.834547 0.804274 0.737284 0.812866 0.527970 0.517158 0.635292 0.727208 0.511154 0.510174 0.525953 0.517073 0.653728 0.604288 0.604372 0.822817 0.793621 0.550410 0.546342 0.559553 0.554151 0.517747 0.519241 0.598150 0.610817 0.623138
0.691022 0.868804 0.888802 0.807822 0.922733 0.859977 0.582937 0.899347 0.880515 0.930187 0.879523 0.936650 0.534792 0.546063 0.772783 0.830346 0.797544 0.714314 0.838900 0.826773 0.547881 0.821951 0.933721 0.827397 0.652435 0.823216 0.671388 0.870688 0.548313 0.792208 0.604453 0.738941 0.826951 0.628874 0.782364 0.854233 0.866919 0.788861 0.909311 0.891496 0.571920 0.879560 0.942369 0.919856 0.855915 0.926622 0.548197 0.529562 0.722771 0.844701 0.519248 0.517549 0.544772 0.529475 0.749729 0.675110 0.675152 0.934132 0.911011 0.586395 0.579546 0.601855 0.592757 0.530624 0.533165 0.665231 0.685309 0.704402
0.643171 0.799504 0.820733 0.740954 0.859977 0.790621 0.560968 0.832408 0.811762 0.869336 0.810742 0.877756 0.525495 0.533760 0.710094 0.761773 0.731703 0.661678 0.769838 0.758410 0.535090 0.753915 0.873898 0.758972 0.613244 0.755050 0.627820 0.801508 0.535412 0.726965 0.576962 0.681652 0.758519 0.595271 0.718319 0.784819 0.797674 0.724027 0.843878 0.823697 0.552816 0.810725 0.885390 0.856462 0.786546 0.864819 0.535310 0.521652 0.668434 0.775469 0.514078 0.512855 0.532809 0.521585 0.690629 0.630666 0.630671 0.874423 0.845852 0.563539 0.558464 0.575033 0.568241 0.522412 0.524299 0.623044 0.638629 0.653745
0.527191 0.563581 0.569702 0.548355 0.582937 0.560968 0.511340 0.573498 0.567071 0.586608 0.566752 0.590067 0.504716 0.506244 0.541253 0.553437 0.546151 0.530879 0.555534 0.552613 0.506495 0.551464 0.588395 0.552749 0.521298 0.551770 0.524128 0.564132 0.506554 0.545117 0.514310 0.535072 0.552592 0.517821 0.543156 0.559526 0.562997 0.544387 0.577248 0.570655 0.509783 0.566820 0.593306 0.581667 0.559879 0.584868 0.506518 0.504007 0.532312 0.556954 0.502601 0.502369 0.506055 0.503987 0.537004 0.524637 0.524691 0.588619 0.577926 0.511803 0.510847 0.513961 0.512675 0.504140 0.504496 0.523171 0.526269 0.529297
0.670721 0.841649 0.862413 0.780478 0.899347 0.832408 0.573498 0.873864 0.853837 0.907850 0.852729 0.915318 0.530779 0.540738 0.746705 0.802581 0.770484 0.691957 0.811269 0.799060 0.542329 0.794263 0.911829 0.799742 0.635661 0.795598 0.652777 0.843575 0.542709 0.765458 0.592525 0.714757 0.799208 0.614474 0.755994 0.826808 0.839590 0.762114 0.884540 0.865291 0.563609 0.852894 0.921923 0.896131 0.828258 0.903807 0.542548 0.526164 0.699788 0.817012 0.517000 0.515494 0.539535 0.526026 0.725021 0.656088 0.656213 0.912359 0.886445 0.576529 0.570428 0.590267 0.582105 0.527061 0.529326 0.647222 0.665508 0.682862
0.656717 0.821047 0.842089 0.760763 0.880515 0.811762 0.567071 0.853837 0.833424 0.889579 0.832219 0.897575 0.528068 0.537173 0.728251 0.782216 0.751129 0.676579 0.790861 0.778810 0.538612 0.774102 0.893845 0.779524 0.624184 0.775449 0.640077 0.822915 0.538959 0.746261 0.584536 0.697945 0.779017 0.604734 0.737166 0.806191 0.818889 0.743054 0.864883 0.844995 0.558062 0.832457 0.904804 0.877083 0.807626 0.885224 0.538848 0.523870 0.683965 0.796482 0.515519 0.514133 0.536065 0.523724 0.707675 0.643253 0.643351 0.894426 0.866913 0.569880 0.564281 0.582467 0.575004 0.524702 0.526737 0.634996 0.651955 0.668055
0.698651 0.878181 0.897534 0.817571 0.930187 0.869336 0.586608 0.907850 0.889579 0.937333 0.888540 0.943421 0.536349 0.548117 0.782147 0.839997 0.807143 0.722437 0.848609 0.836541 0.550012 0.831585 0.940637 0.837142 0.658826 0.832889 0.678395 0.879975 0.550469 0.801873 0.608902 0.747662 0.836575 0.634364 0.791949 0.863834 0.876240 0.798387 0.917381 0.900191 0.575084 0.888707 0.948774 0.927478 0.865393 0.933950 0.550328 0.530906 0.731259 0.854260 0.520116 0.518329 0.546712 0.530770 0.758770 0.682119 0.682299 0.941005 0.919013 0.590207 0.583027 0.606269 0.596815 0.531983 0.534656 0.672008 0.692743 0.712373
0.655977 0.819949 0.841063 0.759691 0.879523 0.810742 0.566752 0.852729 0.832219 0.888540 0.831178 0.896596 0.527911 0.536960 0.727400 0.781287 0.750108 0.675810 0.789711 0.777772 0.538432 0.773174 0.892876 0.778410 0.623633 0.774437 0.639411 0.821901 0.538770 0.745220 0.584187 0.697264 0.778004 0.604209 0.736195 0.805047 0.817915 0.742090 0.863904 0.843996 0.557773 0.831245 0.903842 0.876098 0.806588 0.884233 0.538648 0.523711 0.683112 0.795448 0.515431 0.514053 0.535919 0.523642 0.706749 0.642510 0.642595 0.893436 0.865870 0.569502 0.563968 0.582067 0.574641 0.524565 0.526602 0.634253 0.651159 0.667318
0.705772 0.886461 0.905297 0.826378 0.936650 0.877756 0.590067 0.915318 0.897575 0.943421 0.896596 0.949200 0.537816 0.550035 0.790824 0.848800 0.815978 0.730106 0.857347 0.845296 0.552013 0.840437 0.946535 0.845924 0.664786 0.841758 0.684918 0.888239 0.552478 0.810722 0.613152 0.755868 0.845392 0.639533 0.800748 0.872414 0.884546 0.807201 0.924455 0.907870 0.578030 0.896739 0.954205 0.934063 0.873846 0.940237 0.552290 0.532147 0.739056 0.862963 0.520912 0.519050 0.548580 0.532011 0.767143 0.688728 0.688926 0.946917 0.926027 0.593744 0.586319 0.610411 0.600561 0.533265 0.536049 0.678335 0.699702 0.719786
0.511331 0.526542 0.529176 0.520187 0.534792 0.525495 0.504716 0.530779 0.528068 0.536349 0.527911 0.537816 0.501968 0.502604 0.517186 0.522299 0.519261 0.512882 0.523192 0.521962 0.502700 0.521479 0.537099 0.522034 0.508860 0.521607 0.510047 0.526785 0.502726 0.518814 0.505951 0.514587 0.521953 0.507411 0.517973 0.524864 0.526321 0.518512 0.532362 0.529566 0.504075 0.527939 0.539178 0.534243 0.525026 0.535587 0.502712 0.501673 0.513457 0.523788 0.501080 0.500990 0.502520 0.501655 0.515438 0.510275 0.510277 0.537206 0.532665 0.504919 0.504519 0.505812 0.505271 0.501723 0.501873 0.509666 0.510949 0.512204
0.515006 0.535163 0.538635 0.526743 0.546063 0.533760 0.506244 0.540738 0.537173 0.548117 0.536960 0.550035 0.502604 0.503450 0.522772 0.529534 0.525521 0.517066 0.530721 0.529093 0.503579 0.528448 0.549117 0.529186 0.511735 0.528620 0.513314 0.535465 0.503613 0.524924 0.507889 0.519337 0.529090 0.509825 0.523817 0.532922 0.534849 0.524529 0.542835 0.539147 0.505401 0.537006 0.551866 0.545334 0.533147 0.547107 0.503601 0.502215 0.517845 0.531504 0.501435 0.501312 0.503340 0.502194 0.520446 0.513626 0.513632 0.549247 0.543235 0.506515 0.505984 0.507701 0.506992 0.502285 0.502479 0.512810 0.514510 0.516173
0.598044 0.717805 0.736129 0.670109 0.772783 0.710094 0.541253 0.746705 0.728251 0.782147 0.727400 0.790824 0.517186 0.522772 0.646676 0.686568 0.662998 0.611164 0.693077 0.683847 0.523700 0.680306 0.786818 0.684281 0.577132 0.681236 0.587271 0.719466 0.523908 0.659425 0.552160 0.625734 0.683984 0.564744 0.652927 0.705375 0.716119 0.657164 0.757323 0.738795 0.535676 0.727418 0.798944 0.769342 0.706706 0.777653 0.523838 0.514591 0.616096 0.697650 0.509506 0.508651 0.522147 0.514575 0.632160 0.589237 0.589316 0.787367 0.759173 0.542958 0.539515 0.550817 0.546195 0.515129 0.516389 0.583890 0.594862 0.605550
0.626094 0.770452 0.791016 0.714928 0.830346 0.761773 0.553437 0.802581 0.782216 0.839997 0.781287 0.848800 0.522299 0.529534 0.686568 0.734460 0.706358 0.642612 0.742021 0.731263 0.530729 0.727065 0.844754 0.731749 0.599534 0.728126 0.612431 0.772383 0.531003 0.702033 0.567491 0.660750 0.731361 0.583632 0.694135 0.756290 0.768641 0.699308 0.814058 0.793970 0.546243 0.781261 0.856854 0.826775 0.757889 0.835380 0.530902 0.518931 0.648740 0.747369 0.512322 0.511233 0.528720 0.518906 0.668753 0.614894 0.614968 0.845288 0.816011 0.555651 0.551204 0.565773 0.559809 0.519612 0.521265 0.608122 0.622023 0.635554
0.609462 0.739843 0.759342 0.688638 0.797544 0.731703 0.546151 0.770484 0.751129 0.807143 0.750108 0.815978 0.519261 0.525521 0.662998 0.706358 0.680964 0.624044 0.713530 0.703435 0.526520 0.699640 0.811870 0.704025 0.586147 0.700713 0.597483 0.741576 0.526756 0.677030 0.558339 0.639947 0.703700 0.572422 0.669872 0.726683 0.737992 0.674568 0.781471 0.762067 0.539933 0.750194 0.824211 0.793923 0.728027 0.802471 0.526687 0.516366 0.629423 0.718411 0.510646 0.509697 0.524793 0.516298 0.647182 0.599802 0.599814 0.812524 0.783495 0.548091 0.544236 0.556857 0.551665 0.516956 0.518347 0.593841 0.606018 0.617744
0.573816 0.667757 0.683119 0.629597 0.714314 0.661678 0.530879 0.691957 0.676579 0.722437 0.675810 0.730106 0.512882 0.517066 0.611164 0.642612 0.624044 0.583910 0.647876 0.640431 0.517727 0.637669 0.726537 0.640867 0.557878 0.638422 0.565602 0.669152 0.517887 0.621164 0.539086 0.594912 0.640629 0.548554 0.616002 0.657750 0.666447 0.619431 0.700935 0.685267 0.526725 0.675794 0.737339 0.711260 0.658855 0.718432 0.517839 0.510940 0.587564 0.651572 0.507107 0.506489 0.516584 0.510893 0.600011 0.567202 0.567155 0.727107 0.702591 0.532196 0.529614 0.538086 0.534583 0.511328 0.512266 0.563130 0.571431 0.579516
0.630869 0.778834 0.799451 0.722260 0.838900 0.769838 0.555534 0.811269 0.790861 0.848609 0.789711 0.857347 0.523192 0.530721 0.693077 0.742021 0.713530 0.647876 0.750061 0.738839 0.531925 0.734509 0.853248 0.739486 0.603301 0.735750 0.616717 0.780649 0.532210 0.709164 0.570066 0.666446 0.739036 0.586950 0.701032 0.764551 0.776731 0.706274 0.822569 0.802366 0.548031 0.789934 0.865362 0.835276 0.765887 0.843947 0.532109 0.519718 0.654265 0.755351 0.512823 0.511670 0.529814 0.519613 0.674892 0.619380 0.619492 0.853883 0.824653 0.557845 0.553199 0.568331 0.562115 0.520412 0.522096 0.612385 0.626798 0.640569
0.624216 0.767115 0.787477 0.712049 0.826773 0.758410 0.552613 0.799060 0.778810 0.836541 0.777772 0.845296 0.521962 0.529093 0.683847 0.731263 0.703435 0.640431 0.738839 0.728249 0.530255 0.723899 0.841263 0.728688 0.598041 0.724954 0.610754 0.768980 0.530538 0.699196 0.566402 0.658275 0.728150 0.582328 0.691361 0.753017 0.765282 0.696432 0.810481 0.790466 0.545555 0.777888 0.853364 0.823258 0.754636 0.831868 0.530447 0.518660 0.646592 0.744034 0.512139 0.511073 0.528248 0.518597 0.666309 0.613118 0.613249 0.841720 0.812423 0.554835 0.550414 0.564769 0.558927 0.519305 0.520948 0.606505 0.620176 0.633543
0.515591 0.536592 0.540162 0.527792 0.547881 0.535090 0.506495 0.542329 0.538612 0.550012 0.538432 0.552013 0.502700 0.503579 0.523700 0.530729 0.526520 0.517727 0.531925 0.530255 0.503725 0.529589 0.551076 0.530323 0.512212 0.529757 0.513843 0.536905 0.503759 0.525909 0.508213 0.520150 0.530248 0.510220 0.524783 0.534219 0.536259 0.525502 0.544540 0.540713 0.505613 0.538460 0.553941 0.547138 0.534465 0.548991 0.503747 0.502294 0.518560 0.532753 0.501494 0.501359 0.503476 0.502288 0.521237 0.514145 0.514172 0.551186 0.544927 0.506765 0.506217 0.508007 0.507278 0.502375 0.502576 0.513290 0.515067 0.516818
0.621628 0.762414 0.782807 0.707953 0.821951 0.753915 0.551464 0.794263 0.774102 0.831585 0.773174 0.840437 0.521479 0.528448 0.680306 0.727065 0.699640 0.637669 0.734509 0.723899 0.529589 0.719849 0.836364 0.724425 0.595921 0.720906 0.608408 0.764319 0.529852 0.695389 0.565034 0.655213 0.724087 0.580609 0.687673 0.748499 0.760620 0.692757 0.805665 0.785693 0.544536 0.773129 0.848565 0.818340 0.750053 0.826945 0.529760 0.518234 0.643557 0.739776 0.511866 0.510818 0.527667 0.518204 0.663001 0.610859 0.610885 0.836947 0.807643 0.553603 0.549325 0.563366 0.557601 0.518895 0.520474 0.604285 0.617727 0.630780
0.702379 0.882622 0.901755 0.822286 0.933721 0.873898 0.588395 0.911829 0.893845 0.940637 0.892876 0.946535 0.537099 0.549117 0.786818 0.844754 0.811870 0.726537 0.853248 0.841263 0.551076 0.836364 0.943867 0.841831 0.661967 0.837631 0.681852 0.884410 0.551537 0.806547 0.611194 0.752125 0.841336 0.637080 0.796614 0.868361 0.880735 0.803104 0.921218 0.904367 0.576661 0.892977 0.951728 0.931082 0.869985 0.937363 0.551414 0.531531 0.735456 0.858920 0.520547 0.518714 0.547728 0.531445 0.763190 0.685647 0.685810 0.944212 0.922794 0.592055 0.584751 0.608462 0.598845 0.532664 0.535382 0.675323 0.696381 0.716341
0.624567 0.767664 0.788097 0.712550 0.827397 0.758972 0.552749 0.799742 0.779524 0.837142 0.778410 0.845924 0.522034 0.529186 0.684281 0.731749 0.704025 0.640867 0.739486 0.728688 0.530323 0.724425 0.841831 0.729261 0.598251 0.725563 0.611045 0.769502 0.530602 0.699760 0.566577 0.658632 0.728768 0.582596 0.691872 0.753649 0.765738 0.696992 0.811063 0.791007 0.545657 0.778571 0.854003 0.823800 0.755120 0.832439 0.530510 0.518729 0.646962 0.744674 0.512172 0.511100 0.528323 0.518629 0.666785 0.613550 0.613622 0.842408 0.813101 0.554979 0.550554 0.564939 0.559039 0.519374 0.520996 0.606890 0.620613 0.633870
0.550977 0.617918 0.628967 0.590218 0.652435 0.613244 0.521298 0.635661 0.624184 0.658826 0.623633 0.664786 0.508860 0.511735 0.577132 0.599534 0.586147 0.557878 0.603301 0.598041 0.512212 0.595921 0.661967 0.598251 0.539978 0.596447 0.545275 0.618919 0.512324 0.584213 0.526896 0.565693 0.597975 0.533453 0.580604 0.610538 0.616913 0.582896 0.642388 0.630679 0.518397 0.623717 0.670402 0.650222 0.611288 0.655787 0.512270 0.507526 0.560558 0.605905 0.504892 0.504458 0.511391 0.507501 0.569239 0.546225 0.546317 0.662295 0.643554 0.522179 0.520383 0.526233 0.523838 0.507782 0.508452 0.543470 0.549247 0.554937
0.622323 0.763687 0.784034 0.709008 0.823216 0.755050 0.551770 0.795598 0.775449 0.832889 0.774437 0.841758 0.521607 0.528620 0.681236 0.728126 0.700713 0.638422 0.735750 0.724954 0.529757 0.720906 0.837631 0.725563 0.596447 0.722050 0.609025 0.765530 0.530017 0.696480 0.565397 0.656017 0.725234 0.581127 0.688732 0.749772 0.761739 0.693798 0.806902 0.786888 0.544775 0.774498 0.849913 0.819562 0.751160 0.828228 0.529924 0.518353 0.644361 0.740975 0.511942 0.510872 0.527816 0.518296 0.663897 0.611550 0.611596 0.838286 0.808948 0.553911 0.549605 0.563729 0.557914 0.519019 0.520587 0.604936 0.618477 0.631483
0.557751 0.632990 0.645372 0.602013 0.671388 0.627820 0.524128 0.652777 0.640077 0.678395 0.639411 0.684918 0.510047 0.513314 0.587271 0.612431 0.597483 0.565602 0.616717 0.610754 0.513843 0.608408 0.681852 0.611045 0.545275 0.609025 0.551307 0.634075 0.513969 0.595267 0.530499 0.574370 0.610771 0.537937 0.591185 0.624767 0.631830 0.593810 0.660210 0.647219 0.520861 0.639521 0.691129 0.668889 0.625605 0.675008 0.513925 0.508538 0.568609 0.619627 0.505552 0.505058 0.512922 0.508500 0.578399 0.552467 0.552529 0.682258 0.661555 0.525145 0.523108 0.529741 0.527025 0.508835 0.509578 0.549316 0.555848 0.562235
0.650077 0.810817 0.831781 0.751105 0.870688 0.801508 0.564132 0.843575 0.822915 0.879975 0.821901 0.888239 0.526785 0.535465 0.719466 0.772383 0.741576 0.669152 0.780649 0.768980 0.536905 0.764319 0.884410 0.769502 0.618919 0.765530 0.634075 0.812765 0.537233 0.736874 0.580830 0.690098 0.769004 0.600098 0.728081 0.795921 0.808797 0.733739 0.854884 0.834817 0.555474 0.822011 0.895672 0.867277 0.797460 0.875598 0.537093 0.522753 0.676357 0.786288 0.514810 0.513483 0.534456 0.522700 0.699289 0.636881 0.637087 0.884907 0.856810 0.566752 0.561415 0.578820 0.571710 0.523558 0.525548 0.628986 0.645321 0.661053
0.515735 0.536915 0.540523 0.528050 0.548313 0.535412 0.506554 0.542709 0.538959 0.550469 0.538770 0.552478 0.502726 0.503613 0.523908 0.531003 0.526756 0.517887 0.532210 0.530538 0.503759 0.529852 0.551537 0.530602 0.512324 0.530017 0.513969 0.537233 0.503794 0.526137 0.508284 0.520320 0.530511 0.510307 0.524996 0.534525 0.536591 0.525725 0.544942 0.541083 0.505667 0.538803 0.554411 0.547571 0.534786 0.549432 0.503782 0.502317 0.518728 0.533039 0.501507 0.501374 0.503507 0.502308 0.521433 0.514270 0.514295 0.551637 0.545330 0.506831 0.506275 0.508080 0.507346 0.502396 0.502601 0.513413 0.515200 0.516972
0.606999 0.735197 0.754286 0.684623 0.792208 0.726965 0.545117 0.765458 0.746261 0.801873 0.745220 0.810722 0.518814 0.524924 0.659425 0.702033 0.677030 0.621164 0.709164 0.699196 0.525909 0.695389 0.806547 0.699760 0.584213 0.696480 0.595267 0.736874 0.526137 0.673261 0.556963 0.636799 0.699371 0.570774 0.666258 0.722192 0.733272 0.670760 0.776286 0.757034 0.538993 0.745413 0.818930 0.788642 0.723380 0.797232 0.526048 0.515992 0.626516 0.713907 0.510399 0.509462 0.524192 0.515914 0.643915 0.597447 0.597553 0.807194 0.778290 0.546985 0.543206 0.555542 0.550466 0.516557 0.517926 0.591671 0.603607 0.615068
0.534341 0.580139 0.587930 0.561052 0.604453 0.576962 0.514310 0.592525 0.584536 0.608902 0.584187 0.613152 0.505951 0.507889 0.552160 0.567491 0.558339 0.539086 0.570066 0.566402 0.508213 0.565034 0.611194 0.566577 0.526896 0.565397 0.530499 0.580830 0.508284 0.556963 0.518131 0.544407 0.566487 0.522538 0.554504 0.575010 0.579436 0.556119 0.597292 0.589074 0.512373 0.584175 0.617259 0.602825 0.575567 0.606744 0.508265 0.505051 0.540871 0.571912 0.503294 0.502995 0.507679 0.505051 0.546746 0.531216 0.531235 0.611469 0.598134 0.514904 0.513708 0.517653 0.516040 0.505243 0.505675 0.529299 0.533212 0.537049
0.583589 0.688603 0.705176 0.646141 0.738941 0.681652 0.535072 0.714757 0.697945 0.747662 0.697264 0.755868 0.514587 0.519337 0.625734 0.660750 0.639947 0.594912 0.666446 0.658275 0.520150 0.655213 0.752125 0.658632 0.565693 0.656017 0.574370 0.690098 0.520320 0.636799 0.544407 0.607610 0.658470 0.555122 0.631165 0.677385 0.687077 0.634863 0.724586 0.707603 0.530322 0.697204 0.763661 0.735721 0.678611 0.743485 0.520270 0.512376 0.599179 0.670568 0.508082 0.507341 0.518839 0.512403 0.613022 0.576063 0.576138 0.752634 0.726262 0.536501 0.533586 0.543223 0.539297 0.512861 0.513918 0.571435 0.580867 0.590082
0.624240 0.767166 0.787679 0.712054 0.826951 0.758519 0.552592 0.799208 0.779017 0.836575 0.778004 0.845392 0.521953 0.529090 0.683984 0.731361 0.703700 0.640629 0.739036 0.728150 0.530248 0.724087 0.841336 0.728768 0.597975 0.725234 0.610771 0.769004 0.530511 0.699371 0.566487 0.658470 0.728488 0.582450 0.691538 0.753123 0.765207 0.696703 0.810577 0.790518 0.545517 0.778037 0.853568 0.823277 0.754594 0.831910 0.530442 0.518646 0.646652 0.744323 0.512146 0.511054 0.528289 0.518602 0.666401 0.613394 0.613408 0.841980 0.812630 0.554784 0.550410 0.564772 0.558880 0.519342 0.520918 0.606634 0.620371 0.633571
0.542717 0.599318 0.608730 0.575767 0.628874 0.595271 0.517821 0.614474 0.604734 0.634364 0.604209 0.639533 0.507411 0.509825 0.564744 0.583632 0.572422 0.548554 0.586950 0.582328 0.510220 0.580609 0.637080 0.582596 0.533453 0.581127 0.537937 0.600098 0.510307 0.570774 0.522538 0.555122 0.582450 0.528074 0.567734 0.593047 0.598311 0.569674 0.620162 0.610117 0.515386 0.604335 0.644519 0.626876 0.593565 0.631717 0.510277 0.506300 0.550809 0.589145 0.504104 0.503723 0.509540 0.506275 0.558090 0.538839 0.538901 0.637474 0.621248 0.518554 0.517055 0.521964 0.519949 0.506533 0.507062 0.536477 0.541354 0.546041
0.602420 0.726471 0.745035 0.677212 0.782364 0.718319 0.543156 0.755994 0.737166 0.791949 0.736195 0.800748 0.517973 0.523817 0.652927 0.694135 0.669872 0.616002 0.701032 0.691361 0.524783 0.687673 0.796614 0.691872 0.580604 0.688732 0.591185 0.728081 0.524996 0.666258 0.554504 0.631165 0.691538 0.567734 0.659545 0.713715 0.724533 0.663835 0.766666 0.747754 0.537280 0.736385 0.808971 0.778853 0.714850 0.787385 0.524914 0.515273 0.621213 0.705647 0.509950 0.509034 0.523135 0.515229 0.637896 0.593241 0.593398 0.797233 0.768610 0.544917 0.541305 0.553123 0.548283 0.515833 0.517135 0.587687 0.599165 0.610191
0.639815 0.794048 0.814859 0.735813 0.854233 0.784819 0.559526 0.826808 0.806191 0.863834 0.805047 0.872414 0.524864 0.532922 0.705375 0.756290 0.726683 0.657750 0.764551 0.753017 0.534219 0.748499 0.868361 0.753649 0.610538 0.749772 0.624767 0.795921 0.534525 0.722192 0.575010 0.677385 0.753123 0.593047 0.713715 0.779481 0.791927 0.719131 0.838091 0.817843 0.551458 0.805286 0.880165 0.850688 0.780803 0.859273 0.534387 0.521139 0.664518 0.769978 0.513736 0.512506 0.531938 0.521023 0.686297 0.627493 0.627665 0.868969 0.840141 0.561975 0.557002 0.573178 0.566523 0.521864 0.523695 0.620114 0.635435 0.650064
0.647593 0.806788 0.827871 0.747500 0.866919 0.797674 0.562997 0.839590 0.818889 0.876240 0.817915 0.884546 0.526321 0.534849 0.716119 0.768641 0.737992 0.666447 0.776731 0.765282 0.536259 0.760620 0.880735 0.765738 0.616913 0.761739 0.631830 0.808797 0.536591 0.733272 0.579436 0.687077 0.765207 0.598311 0.724533 0.791927 0.804935 0.730213 0.851027 0.830928 0.554540 0.817936 0.892024 0.863517 0.793652 0.871823 0.536461 0.522351 0.673507 0.782386 0.514542 0.513267 0.533866 0.522308 0.696171 0.634561 0.634708 0.881177 0.852918 0.565610 0.560362 0.577464 0.570488 0.523130 0.525110 0.626794 0.642833 0.658449
0.605362 0.732036 0.751145 0.682015 0.788861 0.724027 0.544387 0.762114 0.743054 0.798387 0.742090 0.807201 0.518512 0.524529 0.657164 0.699308 0.674568 0.619431 0.706274 0.696432 0.525502 0.692757 0.803104 0.696992 0.582896 0.693798 0.593810 0.733739 0.525725 0.670760 0.556119 0.634863 0.696703 0.569674 0.663835 0.719131 0.730213 0.668370 0.772970 0.753836 0.538391 0.742153 0.815425 0.785275 0.720431 0.793770 0.525655 0.515726 0.624639 0.711055 0.510235 0.509317 0.523841 0.515676 0.641805 0.596027 0.596057 0.803754 0.774954 0.546235 0.542533 0.554680 0.549685 0.516301 0.517638 0.590274 0.602031 0.613360
0.678836 0.852915 0.873484 0.791640 0.909311 0.843878 0.577248 0.884540 0.864883 0.917381 0.863904 0.924455 0.532362 0.542835 0.757323 0.814058 0.781471 0.700935 0.822569 0.810481 0.544540 0.805665 0.921218 0.811063 0.642388 0.806902 0.660210 0.854884 0.544942 0.776286 0.597292 0.724586 0.810577 0.620162 0.766666 0.838091 0.851027 0.772970 0.895044 0.876328 0.566923 0.863924 0.930700 0.906251 0.839763 0.913547 0.544794 0.527489 0.709014 0.828414 0.517884 0.516312 0.541629 0.527415 0.734974 0.663607 0.663699 0.921658 0.896819 0.580441 0.574054 0.594877 0.586358 0.528457 0.530854 0.654331 0.673336 0.691527
0.664558 0.832824 0.853855 0.771984 0.891496 0.823697 0.570655 0.865291 0.844995 0.900191 0.843996 0.907870 0.529566 0.539147 0.738795 0.793970 0.762067 0.685267 0.802366 0.790466 0.540713 0.785693 0.904367 0.791007 0.630679 0.786888 0.647219 0.834817 0.541083 0.757034 0.589074 0.707603 0.790518 0.610117 0.747754 0.817843 0.830928 0.753836 0.876328 0.856805 0.561212 0.844014 0.914744 0.888238 0.819582 0.896047 0.540959 0.525111 0.692905 0.808175 0.516344 0.514907 0.538049 0.525054 0.717433 0.650362 0.650455 0.904816 0.878184 0.573596 0.567731 0.586853 0.579050 0.526001 0.528194 0.641735 0.659411 0.676459
0.523497 0.554992 0.560394 0.541860 0.571920 0.552816 0.509783 0.563609 0.558062 0.575084 0.557773 0.578030 0.504075 0.505401 0.535676 0.546243 0.539933 0.526725 0.548031 0.545555 0.505613 0.544536 0.576661 0.545657 0.518397 0.544775 0.520861 0.555474 0.505667 0.538993 0.512373 0.530322 0.545517 0.515386 0.537280 0.551458 0.554540 0.538391 0.566923 0.561212 0.508470 0.557807 0.580867 0.570818 0.551880 0.573541 0.505652 0.503463 0.527961 0.549269 0.502250 0.502056 0.505240 0.503446 0.532002 0.521325 0.521342 0.576806 0.567502 0.510207 0.509376 0.512070 0.510972 0.503579 0.503886 0.520042 0.522700 0.525345
0.656090 0.820186 0.841067 0.759845 0.879560 0.810725 0.566820 0.852894 0.832457 0.888707 0.831245 0.896739 0.527939 0.537006 0.727418 0.781261 0.750194 0.675794 0.789934 0.777888 0.538460 0.773129 0.892977 0.778571 0.623717 0.774498 0.639521 0.822011 0.538803 0.745413 0.584175 0.697204 0.778037 0.604335 0.736385 0.805286 0.817936 0.742153 0.863924 0.844014 0.557807 0.831557 0.904009 0.876145 0.806635 0.884356 0.538682 0.523765 0.683270 0.795501 0.515461 0.514059 0.535896 0.523628 0.706857 0.642604 0.642807 0.893542 0.865943 0.569585 0.563999 0.582125 0.574709 0.524598 0.526626 0.634408 0.651337 0.667382
0.712435 0.894002 0.912276 0.834547 0.942369 0.885390 0.593306 0.921923 0.904804 0.948774 0.903842 0.954205 0.539178 0.551866 0.798944 0.856854 0.824211 0.737339 0.865362 0.853364 0.553941 0.848565 0.951728 0.854003 0.670402 0.849913 0.691129 0.895672 0.554411 0.818930 0.617259 0.763661 0.853568 0.644519 0.808971 0.880165 0.892024 0.815425 0.930700 0.914744 0.580867 0.904009 0.958954 0.939889 0.881558 0.945762 0.554271 0.533310 0.746562 0.870895 0.521718 0.519738 0.550393 0.533209 0.774935 0.695140 0.695374 0.952089 0.932216 0.597101 0.589421 0.614374 0.604237 0.534529 0.537357 0.684380 0.706331 0.726823
0.688288 0.865368 0.885465 0.804274 0.919856 0.856462 0.581667 0.896131 0.877083 0.927478 0.876098 0.934063 0.534243 0.545334 0.769342 0.826775 0.793923 0.711260 0.835276 0.823258 0.547138 0.818340 0.931082 0.823800 0.650222 0.819562 0.668889 0.867277 0.547571 0.788642 0.602825 0.735721 0.823277 0.626876 0.778853 0.850688 0.863517 0.785275 0.906251 0.888238 0.570818 0.876145 0.939889 0.916975 0.852436 0.923854 0.547445 0.529094 0.719710 0.841071 0.518942 0.517278 0.544054 0.529016 0.746419 0.672429 0.672538 0.931451 0.907935 0.585076 0.578311 0.600292 0.591356 0.530122 0.532657 0.662729 0.682550 0.701536
0.640694 0.795494 0.816565 0.737284 0.855915 0.786546 0.559879 0.828258 0.807626 0.865393 0.806588 0.873846 0.525026 0.533147 0.706706 0.757889 0.728027 0.658855 0.765887 0.754636 0.534465 0.750053 0.869985 0.755120 0.611288 0.751160 0.625605 0.797460 0.534786 0.723380 0.575567 0.678611 0.754594 0.593565 0.714850 0.780803 0.793652 0.720431 0.839763 0.819582 0.551880 0.806635 0.881558 0.852436 0.782563 0.860845 0.534691 0.521259 0.665631 0.771429 0.513831 0.512625 0.532201 0.521195 0.687458 0.628313 0.628396 0.870439 0.841705 0.562413 0.557404 0.573694 0.567058 0.522000 0.523866 0.620851 0.636181 0.651128
0.694966 0.873763 0.893334 0.812866 0.926622 0.864819 0.584868 0.903807 0.885224 0.933950 0.884233 0.940237 0.535587 0.547107 0.777653 0.835380 0.802471 0.718432 0.843947 0.831868 0.548991 0.826945 0.937363 0.832439 0.655787 0.828228 0.675008 0.875598 0.549432 0.797232 0.606744 0.743485 0.831910 0.631717 0.787385 0.859273 0.871823 0.793770 0.913547 0.896047 0.573541 0.884356 0.945762 0.923854 0.860845 0.930497 0.549280 0.530245 0.727148 0.849661 0.519695 0.517938 0.545759 0.530153 0.754379 0.678620 0.678825 0.937739 0.915190 0.588357 0.581336 0.604132 0.594857 0.531315 0.533940 0.668659 0.689106 0.708514
0.515670 0.536800 0.540417 0.527970 0.548197 0.535310 0.506518 0.542548 0.538848 0.550328 0.538648 0.552290 0.502712 0.503601 0.523838 0.530902 0.526687 0.517839 0.532109 0.530447 0.503747 0.529760 0.551414 0.530510 0.512270 0.529924 0.513925 0.537093 0.503782 0.526048 0.508265 0.520270 0.530442 0.510277 0.524914 0.534387 0.536461 0.525655 0.544794 0.540959 0.505652 0.538682 0.554271 0.547445 0.534691 0.549280 0.503784 0.502305 0.518695 0.532935 0.501507 0.501370 0.503500 0.502301 0.521356 0.514253 0.514270 0.551494 0.545184 0.506804 0.506248 0.508054 0.507334 0.502393 0.502588 0.513377 0.515156 0.516924
0.509630 0.522561 0.524782 0.517158 0.529562 0.521652 0.504007 0.526164 0.523870 0.530906 0.523711 0.532147 0.501673 0.502215 0.514591 0.518931 0.516366 0.510940 0.519718 0.518660 0.502294 0.518234 0.531531 0.518729 0.507526 0.518353 0.508538 0.522753 0.502317 0.515992 0.505051 0.512376 0.518646 0.506300 0.515273 0.521139 0.522351 0.515726 0.527489 0.525111 0.503463 0.523765 0.533310 0.529094 0.521259 0.530245 0.502305 0.501426 0.511438 0.520206 0.500919 0.500842 0.502138 0.501404 0.513119 0.508736 0.508741 0.531625 0.527758 0.504183 0.503840 0.504938 0.504479 0.501465 0.501592 0.508223 0.509312 0.510367
0.577136 0.675036 0.690611 0.635292 0.722771 0.668434 0.532312 0.699788 0.683965 0.731259 0.683112 0.739056 0.513457 0.517845 0.616096 0.648740 0.629423 0.587564 0.654265 0.646592 0.518560 0.643557 0.735456 0.646962 0.560558 0.644361 0.568609 0.676357 0.518728 0.626516 0.540871 0.599179 0.646652 0.550809 0.621213 0.664518 0.673507 0.624639 0.709014 0.692905 0.527961 0.683270 0.746562 0.719710 0.665631 0.727148 0.518695 0.511438 0.591592 0.657984 0.507455 0.506780 0.517331 0.511400 0.604416 0.570191 0.570279 0.735916 0.710673 0.533682 0.530953 0.539842 0.536234 0.511856 0.512832 0.565962 0.574647 0.583117
0.634104 0.784378 0.805268 0.727208 0.844701 0.775469 0.556954 0.817012 0.796482 0.854260 0.795448 0.862963 0.523788 0.531504 0.697650 0.747369 0.718411 0.651572 0.755351 0.744034 0.532753 0.739776 0.858920 0.744674 0.605905 0.740975 0.619627 0.786288 0.533039 0.713907 0.571912 0.670568 0.744323 0.589145 0.705647 0.769978 0.782386 0.711055 0.828414 0.808175 0.549269 0.795501 0.870895 0.841071 0.771429 0.849661 0.532935 0.520206 0.657984 0.760818 0.513145 0.511971 0.530618 0.520141 0.679062 0.622376 0.622418 0.859563 0.830467 0.559308 0.554578 0.570084 0.563699 0.520936 0.522664 0.615171 0.629915 0.644047
0.506248 0.514703 0.516127 0.511154 0.519248 0.514078 0.502601 0.517000 0.515519 0.520116 0.515431 0.520912 0.501080 0.501435 0.509506 0.512322 0.510646 0.507107 0.512823 0.512139 0.501494 0.511866 0.520547 0.512172 0.504892 0.511942 0.505552 0.514810 0.501507 0.510399 0.503294 0.508082 0.512146 0.504104 0.509950 0.513736 0.514542 0.510235 0.517884 0.516344 0.502250 0.515461 0.521718 0.518942 0.513831 0.519695 0.501507 0.500919 0.507455 0.513145 0.500601 0.500544 0.501393 0.500917 0.508515 0.505684 0.505698 0.520590 0.518047 0.502711 0.502489 0.503210 0.502922 0.500955 0.501031 0.505335 0.506049 0.506744
0.505701 0.513358 0.514708 0.510174 0.517549 0.512855 0.502369 0.515494 0.514133 0.518329 0.514053 0.519050 0.500990 0.501312 0.508651 0.511233 0.509697 0.506489 0.511670 0.511073 0.501359 0.510818 0.518714 0.511100 0.504458 0.510872 0.505058 0.513483 0.501374 0.509462 0.502995 0.507341 0.511054 0.503723 0.509034 0.512506 0.513267 0.509317 0.516312 0.514907 0.502056 0.514059 0.519738 0.517278 0.512625 0.517938 0.501370 0.500842 0.506780 0.511971 0.500544 0.500501 0.501270 0.500833 0.507772 0.505174 0.505169 0.518747 0.516457 0.502478 0.502275 0.502926 0.502659 0.500867 0.500943 0.504866 0.505505 0.506148
0.514555 0.534148 0.537556 0.525953 0.544772 0.532809 0.506055 0.539535 0.536065 0.546712 0.535919 0.548580 0.502520 0.503340 0.522147 0.528720 0.524793 0.516584 0.529814 0.528248 0.503476 0.527667 0.547728 0.528323 0.511391 0.527816 0.512922 0.534456 0.503507 0.524192 0.507679 0.518839 0.528289 0.509540 0.523135 0.531938 0.533866 0.523841 0.541629 0.538049 0.505240 0.535896 0.550393 0.544054 0.532201 0.545759 0.503500 0.502138 0.517331 0.530618 0.501393 0.501270 0.503253 0.502138 0.519838 0.513233 0.513230 0.547847 0.541995 0.506310 0.505805 0.507475 0.506791 0.502219 0.502402 0.512416 0.514073 0.515709
0.509572 0.522496 0.524713 0.517073 0.529475 0.521585 0.503987 0.526026 0.523724 0.530770 0.523642 0.532011 0.501655 0.502194 0.514575 0.518906 0.516298 0.510893 0.519613 0.518597 0.502288 0.518204 0.531445 0.518629 0.507501 0.518296 0.508500 0.522700 0.502308 0.515914 0.505051 0.512403 0.518602 0.506275 0.515229 0.521023 0.522308 0.515676 0.527415 0.525054 0.503446 0.523628 0.533209 0.529016 0.521195 0.530153 0.502301 0.501404 0.511400 0.520141 0.500917 0.500833 0.502138 0.501409 0.513043 0.508684 0.508697 0.531507 0.527641 0.504150 0.503817 0.504917 0.504470 0.501458 0.501581 0.508152 0.509245 0.510333
0.588164 0.697734 0.714954 0.653728 0.749729 0.690629 0.537004 0.725021 0.707675 0.758770 0.706749 0.767143 0.515438 0.520446 0.632160 0.668753 0.647182 0.600011 0.674892 0.666309 0.521237 0.663001 0.763190 0.666785 0.569239 0.663897 0.578399 0.699289 0.521433 0.643915 0.546746 0.613022 0.666401 0.558090 0.637896 0.686297 0.696171 0.641805 0.734974 0.717433 0.532002 0.706857 0.774935 0.746419 0.687458 0.754379 0.521356 0.513119 0.604416 0.679062 0.508515 0.507772 0.519838 0.513043 0.619093 0.580206 0.580236 0.763780 0.736805 0.538568 0.535460 0.545590 0.541407 0.513563 0.514704 0.575431 0.585302 0.594887
0.559053 0.635816 0.648616 0.604288 0.675110 0.630666 0.524637 0.656088 0.643253 0.682119 0.642510 0.688728 0.510275 0.513626 0.589237 0.614894 0.599802 0.567202 0.619380 0.613118 0.514145 0.610859 0.685647 0.613550 0.546225 0.611550 0.552467 0.636881 0.514270 0.597447 0.531216 0.576063 0.613394 0.538839 0.593241 0.627493 0.634561 0.596027 0.663607 0.650362 0.521325 0.642604 0.695140 0.672429 0.628313 0.678620 0.514253 0.508736 0.570191 0.622376 0.505684 0.505174 0.513233 0.508684 0.580206 0.553845 0.553807 0.686203 0.665093 0.525698 0.523628 0.530412 0.527616 0.509058 0.509778 0.550538 0.557223 0.563643
0.559105 0.636082 0.648631 0.604372 0.675152 0.630671 0.524691 0.656213 0.643351 0.682299 0.642595 0.688926 0.510277 0.513632 0.589316 0.614968 0.599814 0.567155 0.619492 0.613249 0.514172 0.610885 0.685810 0.613622 0.546317 0.611596 0.552529 0.637087 0.514295 0.597553 0.531235 0.576138 0.613408 0.538901 0.593398 0.627665 0.634708 0.596057 0.663699 0.650455 0.521342 0.642807 0.695374 0.672538 0.628396 0.678825 0.514270 0.508741 0.570279 0.622418 0.505698 0.505169 0.513230 0.508697 0.580236 0.553807 0.553882 0.686299 0.665144 0.525728 0.523642 0.530447 0.527669 0.509066 0.509793 0.550537 0.557252 0.563696
0.702866 0.883126 0.902263 0.822817 0.934132 0.874423 0.588619 0.912359 0.894426 0.941005 0.893436 0.946917 0.537206 0.549247 0.787367 0.845288 0.812524 0.727107 0.853883 0.841720 0.551186 0.836947 0.944212 0.842408 0.662295 0.838286 0.682258 0.884907 0.551637 0.807194 0.611469 0.752634 0.841980 0.637474 0.797233 0.868969 0.881177 0.803754 0.921658 0.904816 0.576806 0.893542 0.952089 0.931451 0.870439 0.937739 0.551494 0.531625 0.735916 0.859563 0.520590 0.518747 0.547847 0.531507 0.763780 0.686203 0.686299 0.944629 0.923285 0.592261 0.584966 0.608715 0.599004 0.532763 0.535457 0.675825 0.696959 0.716783
0.680329 0.854878 0.875399 0.793621 0.911011 0.845852 0.577926 0.886445 0.866913 0.919013 0.865870 0.926027 0.532665 0.543235 0.759173 0.816011 0.783495 0.702591 0.824653 0.812423 0.544927 0.807643 0.922794 0.813101 0.643554 0.808948 0.661555 0.856810 0.545330 0.778290 0.598134 0.726262 0.812630 0.621248 0.768610 0.840141 0.852918 0.774954 0.896819 0.878184 0.567502 0.865943 0.932216 0.907935 0.841705 0.915190 0.545184 0.527758 0.710673 0.830467 0.518047 0.516457 0.541995 0.527641 0.736805 0.665093 0.665144 0.923285 0.898640 0.581156 0.574713 0.595708 0.587085 0.528731 0.531124 0.655732 0.674881 0.693059
0.528333 0.566182 0.572617 0.550410 0.586395 0.563539 0.511803 0.576529 0.569880 0.590207 0.569502 0.593744 0.504919 0.506515 0.542958 0.555651 0.548091 0.532196 0.557845 0.554835 0.506765 0.553603 0.592055 0.554979 0.522179 0.553911 0.525145 0.566752 0.506831 0.546985 0.514904 0.536501 0.554784 0.518554 0.544917 0.561975 0.565610 0.546235 0.580441 0.573596 0.510207 0.569585 0.597101 0.585076 0.562413 0.588357 0.506804 0.504183 0.533682 0.559308 0.502711 0.502478 0.506310 0.504150 0.538568 0.525698 0.525728 0.592261 0.581156 0.512312 0.511307 0.514551 0.513217 0.504315 0.504687 0.524170 0.527376 0.530535
0.526043 0.560870 0.566840 0.546342 0.579546 0.558464 0.510847 0.570428 0.564281 0.583027 0.563968 0.586319 0.504519 0.505984 0.539515 0.551204 0.544236 0.529614 0.553199 0.550414 0.506217 0.549325 0.584751 0.550554 0.520383 0.549605 0.523108 0.561415 0.506275 0.543206 0.513708 0.533586 0.550410 0.517055 0.541305 0.557002 0.560362 0.542533 0.574054 0.567731 0.509376 0.563999 0.589421 0.578311 0.557404 0.581336 0.506248 0.503840 0.530953 0.554578 0.502489 0.502275 0.505805 0.503817 0.535460 0.523628 0.523642 0.584966 0.574713 0.511307 0.510392 0.513372 0.512139 0.503965 0.504306 0.522211 0.525165 0.528069
0.533499 0.578154 0.585716 0.559553 0.601855 0.575033 0.513961 0.590267 0.582467 0.606269 0.582067 0.610411 0.505812 0.507701 0.550817 0.565773 0.556857 0.538086 0.568331 0.564769 0.508007 0.563366 0.608462 0.564939 0.526233 0.563729 0.529741 0.578820 0.508080 0.555542 0.517653 0.543223 0.564772 0.521964 0.553123 0.573178 0.577464 0.554680 0.594877 0.586853 0.512070 0.582125 0.614374 0.600292 0.573694 0.604132 0.508054 0.504938 0.539842 0.570084 0.503210 0.502926 0.507475 0.504917 0.545590 0.530412 0.530447 0.608715 0.595708 0.514551 0.513372 0.517214 0.515639 0.505109 0.505540 0.528579 0.532383 0.536117
0.530419 0.571126 0.577989 0.554151 0.592757 0.568241 0.512675 0.582105 0.575004 0.596815 0.574641 0.600561 0.505271 0.506992 0.546195 0.559809 0.551665 0.534583 0.562115 0.558927 0.507278 0.557601 0.598845 0.559039 0.523838 0.557914 0.527025 0.571710 0.507346 0.550466 0.516040 0.539297 0.558880 0.519949 0.548283 0.566523 0.570488 0.549685 0.586358 0.579050 0.510972 0.574709 0.604237 0.591356 0.567058 0.594857 0.507334 0.504479 0.536234 0.563699 0.502922 0.502659 0.506791 0.504470 0.541407 0.527616 0.527669 0.599004 0.587085 0.513217 0.512139 0.515639 0.514231 0.504641 0.505032 0.525945 0.529398 0.532826
0.509951 0.523375 0.525671 0.517747 0.530624 0.522412 0.504140 0.527061 0.524702 0.531983 0.524565 0.533265 0.501723 0.502285 0.515129 0.519612 0.516956 0.511328 0.520412 0.519305 0.502375 0.518895 0.532664 0.519374 0.507782 0.519019 0.508835 0.523558 0.502396 0.516557 0.505243 0.512861 0.519342 0.506533 0.515833 0.521864 0.523130 0.516301 0.528457 0.526001 0.503579 0.524598 0.534529 0.530122 0.522000 0.531315 0.502393 0.501465 0.511856 0.520936 0.500955 0.500867 0.502219 0.501458 0.513563 0.509058 0.509066 0.532763 0.528731 0.504315 0.503965 0.505109 0.504641 0.501520 0.501641 0.508501 0.509639 0.510733
0.510796 0.525319 0.527807 0.519241 0.533165 0.524299 0.504496 0.529326 0.526737 0.534656 0.526602 0.536049 0.501873 0.502479 0.516389 0.521265 0.518347 0.512266 0.522096 0.520948 0.502576 0.520474 0.535382 0.520996 0.508452 0.520587 0.509578 0.525548 0.502601 0.517926 0.505675 0.513918 0.520918 0.507062 0.517135 0.523695 0.525110 0.517638 0.530854 0.528194 0.503886 0.526626 0.537357 0.532657 0.523866 0.533940 0.502588 0.501592 0.512832 0.522664 0.501031 0.500943 0.502402 0.501581 0.514704 0.509778 0.509793 0.535457 0.531124 0.504687 0.504306 0.505540 0.505032 0.501641 0.501785 0.509199 0.510422 0.511635
