0.661919 0.701225 0.615586 0.721759 0.704305 0.616058 0.549632 0.879001 0.919369 0.566001 0.760574 0.898766 0.487369 0.597220 0.591078 0.709777 0.708905 0.605968 0.578712 0.634016 0.437739 0.708530 0.492516 0.545483 0.524838 0.668167 0.757910 0.696828 0.495031 0.679822 0.603186 0.548456 0.710356 0.736829 0.965890 0.660620 0.662835 0.577401 0.653002 0.534040 0.468863 0.629369 0.729546 0.546530 0.701818 0.631150 0.494270 0.503426 0.597142 0.653949 0.520960 0.536360 0.577402 0.465257 0.569164 0.768168 0.683819 0.691896 0.719885 0.530232 0.584513 0.580522 0.570603 0.555092 0.583702 0.640878 0.580432 0.737391
0.701225 0.689915 0.749888 0.709117 0.837680 0.756430 0.549266 0.793394 0.696229 0.864073 0.621856 0.737400 0.593531 0.450836 0.625446 0.720015 0.595209 0.642585 0.590204 1.218959 0.373409 0.770420 0.590181 0.520326 0.599591 0.780385 0.501187 1.220887 0.480334 0.455667 0.578689 0.584354 0.620939 0.460014 0.651402 1.286441 0.732959 0.595697 0.888115 0.787425 0.488885 0.709130 0.661963 0.904637 0.613882 0.647712 0.582273 0.353549 0.616380 0.632710 0.534938 0.518615 0.488514 0.555401 0.606339 0.738751 0.682084 0.862534 0.856982 0.631501 0.574817 0.611411 0.625303 0.600354 0.581499 0.672933 0.707412 0.805212
0.615586 0.749888 0.672778 0.531398 1.230770 0.546236 0.579952 0.605313 0.737356 0.847928 0.884121 0.793900 0.629611 0.530706 0.819842 0.874895 0.740821 0.715715 0.583438 0.785264 0.455908 0.740424 0.584309 0.534009 0.496399 0.745925 0.446420 0.794694 0.544032 0.565723 0.542847 0.792249 0.534886 0.418758 0.529502 0.667670 1.292444 0.553157 1.209815 0.619882 0.490912 0.590393 0.700960 0.868719 0.868892 0.847103 0.697658 0.520799 0.809733 0.750007 0.648380 0.563001 0.607687 0.568444 0.477106 0.632119 0.682561 0.725392 0.580774 0.573828 0.610001 0.591665 0.715628 0.568723 0.542804 0.770509 0.789494 0.707733
0.721759 0.709117 0.531398 0.692327 0.611631 1.043162 0.776568 1.018687 0.895814 0.648940 0.634173 0.897215 0.529726 0.557570 0.671951 0.634895 0.585766 0.520870 0.834828 0.617347 0.472401 0.597670 0.838890 0.716166 0.885816 0.604749 0.603386 0.644096 0.653457 0.766825 0.656546 0.502432 0.642984 0.694811 0.594118 0.710737 0.537917 0.848144 0.548717 0.999466 0.598391 0.884250 0.791066 0.669517 0.586320 0.568061 0.484327 0.488881 0.584819 0.517498 0.554911 0.517553 0.511925 0.478948 0.668585 0.725281 0.736569 0.821631 0.841154 0.626081 0.605996 0.640753 0.727227 0.599445 0.522562 0.609767 0.488506 0.761801
0.704305 0.837680 1.230770 0.611631 0.701204 0.545445 0.514671 0.776487 0.830571 0.958813 0.878687 0.924295 0.562980 0.507352 0.809775 0.962024 0.738789 0.766906 0.575960 0.843632 0.448708 0.821649 0.509141 0.522162 0.491144 0.835802 0.445996 0.844908 0.478168 0.427281 0.591191 0.811447 0.593485 0.360444 0.578467 0.764549 1.155349 0.610564 1.238152 0.618074 0.402225 0.674138 0.695579 0.977093 0.860920 0.896260 0.681112 0.436273 0.799162 0.823475 0.564598 0.541210 0.595172 0.558119 0.482064 0.729466 0.717185 0.815932 0.718448 0.563943 0.636253 0.551077 0.662663 0.581896 0.600239 0.849850 0.888599 0.782723
0.616058 0.756430 0.546236 1.043162 0.545445 0.704089 0.777511 0.942761 0.923746 0.720981 0.684740 0.746052 0.715047 0.637100 0.676306 0.601973 0.546950 0.437832 0.824589 0.671430 0.452574 0.684280 0.901861 0.737938 0.978337 0.550666 0.508529 0.753474 0.731423 0.879969 0.814430 0.506871 0.510451 0.671867 0.412970 0.770899 0.521427 0.705119 0.458575 1.265936 0.657630 0.751183 0.805154 0.686538 0.617703 0.384989 0.465592 0.516350 0.598753 0.405477 0.598456 0.554813 0.519851 0.528999 0.752253 0.650991 0.719490 0.818368 0.951994 0.693686 0.675372 0.786206 0.780173 0.535150 0.444549 0.549990 0.391402 0.758722
0.549632 0.549266 0.579952 0.776568 0.514671 0.777511 0.614330 0.758831 0.801404 0.538646 0.634613 0.597316 0.566319 0.560588 0.648650 0.590955 0.579231 0.576857 0.672600 0.537642 0.562456 0.567869 0.692308 0.655855 0.740206 0.556178 0.647424 0.538659 0.720695 0.663849 0.616918 0.534042 0.543593 0.477290 0.478478 0.573047 0.542845 0.666946 0.538157 0.788375 0.785970 0.694827 0.722130 0.590372 0.624800 0.547269 0.484352 0.585575 0.568732 0.610243 0.570360 0.565559 0.485683 0.506675 0.608451 0.643161 0.651403 0.549353 0.532246 0.554871 0.571817 0.602843 0.645517 0.498096 0.526748 0.552375 0.533699 0.597204
0.879001 0.793394 0.605313 1.018687 0.776487 0.942761 0.758831 0.752992 1.068802 0.874176 0.709378 1.123484 0.430261 0.566406 0.738536 0.733885 0.739999 0.623003 0.882788 0.744900 0.462308 0.730646 0.839521 0.735783 0.790781 0.795005 0.624456 0.783435 0.503990 0.722776 0.694895 0.570974 0.726069 0.664689 0.724910 0.809544 0.616190 0.810555 0.669135 0.944440 0.570059 1.092212 0.854773 0.838359 0.662343 0.733529 0.405597 0.404777 0.636685 0.618725 0.618629 0.567894 0.539079 0.500242 0.618620 0.846795 0.821027 0.979546 0.972761 0.676570 0.657010 0.649343 0.727987 0.597795 0.581813 0.695863 0.603835 0.859960
0.919369 0.696229 0.737356 0.895814 0.830571 0.923746 0.801404 1.068802 0.716079 0.596222 0.665142 0.930675 0.552567 0.572772 0.619140 0.750571 0.632085 0.683941 0.745089 0.586919 0.543169 0.570177 0.612505 0.623869 0.698245 0.554246 0.648349 0.641468 0.641254 0.762133 0.705096 0.657362 0.676174 0.670884 0.775929 0.699683 0.716176 0.711668 0.777534 0.797798 0.592292 0.826293 1.053516 0.581742 0.691345 0.638332 0.493874 0.507224 0.653392 0.657450 0.567658 0.560874 0.520570 0.536908 0.705675 0.802043 0.798698 0.725744 0.822859 0.640335 0.646406 0.648311 0.756202 0.600808 0.562642 0.744515 0.620151 0.811805
0.566001 0.864073 0.847928 0.648940 0.958813 0.720981 0.538646 0.874176 0.596222 0.699813 0.772253 0.953110 0.527927 0.546850 0.747456 0.714647 0.750346 0.582273 0.728876 0.987812 0.447683 0.957540 0.772292 0.689172 0.616224 0.882958 0.433682 0.974560 0.426237 0.426141 0.672624 0.740973 0.585727 0.427420 0.481264 0.847435 0.833144 0.614693 0.832179 0.891852 0.392551 0.769086 0.539873 1.283187 0.734530 0.865053 0.548820 0.441497 0.660326 0.568849 0.594250 0.541012 0.544162 0.575297 0.534291 0.667383 0.681598 0.940132 0.801195 0.609027 0.627062 0.671161 0.676063 0.542301 0.480459 0.640357 0.619808 0.711993
0.760574 0.621856 0.884121 0.634173 0.878687 0.684740 0.634613 0.709378 0.665142 0.772253 0.688713 0.838239 0.521035 0.709601 1.032161 0.849193 0.980753 0.650037 0.601059 0.675718 0.486027 0.874504 0.682272 0.643671 0.596952 0.854056 0.523329 0.704434 0.522769 0.715994 0.621879 0.691955 0.559622 0.525956 0.592056 0.564570 0.882822 0.638561 0.820389 0.696242 0.551340 0.637588 0.639260 0.799739 1.062557 0.750183 0.541884 0.592953 0.867224 0.758579 0.627693 0.560560 0.639074 0.506542 0.468212 0.669537 0.698445 0.730853 0.632748 0.560878 0.638274 0.622877 0.628616 0.530929 0.515683 0.673985 0.626270 0.661103
0.898766 0.737400 0.793900 0.897215 0.924295 0.746052 0.597316 1.123484 0.930675 0.953110 0.838239 0.757637 0.374944 0.582564 0.766219 0.779193 0.769199 0.629969 0.942063 0.771712 0.468187 0.761496 0.925997 0.821788 0.613297 0.735687 0.644045 0.777445 0.461855 0.726932 0.695054 0.623990 0.882361 0.824201 0.810248 0.736979 0.821320 0.836949 0.837836 0.851308 0.441198 1.000818 0.857654 0.936556 0.662587 1.058542 0.492199 0.440630 0.641743 0.648076 0.622279 0.496867 0.589283 0.524970 0.544307 0.794588 0.796437 0.985300 0.849803 0.664518 0.654317 0.585823 0.714623 0.551857 0.521500 0.735380 0.660092 0.808726
0.487369 0.593531 0.629611 0.529726 0.562980 0.715047 0.566319 0.430261 0.552567 0.527927 0.521035 0.374944 0.521481 0.545345 0.531623 0.526781 0.327650 0.420607 0.362041 0.550209 0.509251 0.514691 0.371860 0.473655 0.551573 0.443536 0.459472 0.590797 0.722310 0.436980 0.513677 0.496804 0.331123 0.402936 0.377983 0.593719 0.520111 0.368721 0.505330 0.592900 0.473355 0.282569 0.404500 0.466300 0.538390 0.305452 0.808267 0.487818 0.515001 0.445012 0.565372 0.509200 0.519521 0.545591 0.563080 0.435036 0.450816 0.452272 0.578002 0.496234 0.516050 0.589672 0.560645 0.543769 0.552290 0.530276 0.458340 0.498573
0.597220 0.450836 0.530706 0.557570 0.507352 0.637100 0.560588 0.566406 0.572772 0.546850 0.709601 0.582564 0.545345 0.553687 0.582785 0.584144 0.549455 0.487153 0.495732 0.437126 0.557573 0.585856 0.579893 0.594756 0.572284 0.468359 0.423904 0.507790 0.552997 0.645616 0.574230 0.508207 0.447038 0.605932 0.481546 0.440088 0.514390 0.455533 0.481500 0.605775 0.515805 0.451929 0.511914 0.509240 0.591332 0.500401 0.510626 0.542203 0.570324 0.512989 0.502922 0.492863 0.604870 0.454873 0.494555 0.474112 0.504651 0.594419 0.625692 0.530168 0.532660 0.611357 0.583238 0.476231 0.479097 0.489499 0.419582 0.505559
0.591078 0.625446 0.819842 0.671951 0.809775 0.676306 0.648650 0.738536 0.619140 0.747456 1.032161 0.766219 0.531623 0.582785 0.658856 0.826967 0.789462 0.606138 0.607627 0.626851 0.476583 0.791945 0.702697 0.665606 0.621570 0.866672 0.561404 0.650652 0.529145 0.624946 0.589930 0.609488 0.490737 0.511385 0.456927 0.611851 0.778443 0.674241 0.731715 0.723826 0.565832 0.677940 0.515452 0.787475 0.841817 0.643573 0.534031 0.509020 0.869198 0.672890 0.653685 0.566285 0.560992 0.489925 0.533466 0.615406 0.696099 0.716494 0.609888 0.595507 0.619764 0.630480 0.646822 0.549473 0.546671 0.693805 0.629935 0.675253
0.709777 0.720015 0.874895 0.634895 0.962024 0.601973 0.590955 0.733885 0.750571 0.714647 0.849193 0.779193 0.526781 0.584144 0.826967 0.651053 0.682296 0.705814 0.497373 0.670189 0.493450 0.714252 0.490775 0.487308 0.541603 0.749585 0.540636 0.705075 0.491996 0.504433 0.545187 0.733214 0.550357 0.394211 0.559685 0.679158 0.821548 0.679560 0.885189 0.601828 0.481012 0.600073 0.596638 0.787460 0.788824 0.708570 0.580135 0.487774 0.741404 0.831468 0.539118 0.546658 0.573080 0.528899 0.524147 0.677920 0.673350 0.664458 0.594911 0.526755 0.637699 0.528008 0.631394 0.561518 0.592018 0.740922 0.734268 0.708199
0.708905 0.595209 0.740821 0.585766 0.738789 0.546950 0.579231 0.739999 0.632085 0.750346 0.980753 0.769199 0.327650 0.549455 0.789462 0.682296 0.661962 0.650110 0.716327 0.736807 0.464224 0.885028 0.782282 0.693790 0.589125 0.937397 0.585027 0.675517 0.437526 0.756846 0.543313 0.671018 0.728229 0.528889 0.749203 0.573675 0.809515 0.685283 0.805472 0.688400 0.563957 0.825055 0.730980 0.827076 1.055182 0.860581 0.426642 0.583685 0.767182 0.729803 0.593911 0.533956 0.552594 0.492020 0.414458 0.673962 0.718520 0.737492 0.535331 0.506019 0.555399 0.545646 0.619275 0.488128 0.510213 0.628769 0.667050 0.628466
0.605968 0.642585 0.715715 0.520870 0.766906 0.437832 0.576857 0.623003 0.683941 0.582273 0.650037 0.629969 0.420607 0.487153 0.606138 0.705814 0.650110 0.587127 0.552209 0.599630 0.504275 0.538496 0.491268 0.491515 0.497166 0.632329 0.590679 0.617007 0.452899 0.456639 0.480691 0.645513 0.661236 0.355256 0.645522 0.580140 0.730567 0.689410 0.817388 0.513278 0.540943 0.667902 0.688215 0.647260 0.666703 0.779398 0.527229 0.504792 0.615233 0.796511 0.510999 0.531720 0.504789 0.540632 0.488811 0.676959 0.637554 0.598260 0.494221 0.493218 0.540981 0.408550 0.543414 0.546560 0.551176 0.656419 0.748623 0.602748
0.578712 0.590204 0.583438 0.834828 0.575960 0.824589 0.672600 0.882788 0.745089 0.728876 0.601059 0.942063 0.362041 0.495732 0.607627 0.497373 0.716327 0.552209 0.697693 0.654745 0.507576 0.600444 1.296566 0.984964 0.734666 0.457653 0.664872 0.614964 0.557884 0.977115 0.693462 0.471364 1.080941 0.972518 0.788674 0.621983 0.678704 0.868616 0.697508 1.042057 0.680456 1.205008 1.069143 0.802638 0.543626 0.935691 0.461703 0.494585 0.546196 0.499320 0.619668 0.489249 0.505793 0.486699 0.648954 0.687131 0.786512 0.948521 0.722187 0.645977 0.648000 0.559759 0.735941 0.513064 0.490907 0.557111 0.476372 0.685957
0.634016 1.218959 0.785264 0.617347 0.843632 0.671430 0.537642 0.744900 0.586919 0.987812 0.675718 0.771712 0.550209 0.437126 0.626851 0.670189 0.736807 0.599630 0.654745 0.688002 0.420860 0.852882 0.717768 0.663653 0.599518 0.826614 0.486146 1.271746 0.416596 0.478928 0.594505 0.630242 0.680348 0.456431 0.663336 1.184397 0.828063 0.620876 0.917195 0.858477 0.489967 0.789503 0.651318 1.060343 0.706258 0.806926 0.551756 0.446307 0.629945 0.634404 0.554551 0.511474 0.523552 0.545433 0.526767 0.665626 0.637988 0.781713 0.674519 0.562392 0.562043 0.605483 0.651048 0.550046 0.527812 0.613580 0.660167 0.678496
0.437739 0.373409 0.455908 0.472401 0.448708 0.452574 0.562456 0.462308 0.543169 0.447683 0.486027 0.468187 0.509251 0.557573 0.476583 0.493450 0.464224 0.504275 0.507576 0.420860 0.494362 0.461265 0.500973 0.533828 0.532703 0.409558 0.561870 0.390063 0.559854 0.495882 0.501693 0.507687 0.535374 0.496949 0.539072 0.412550 0.434596 0.521569 0.451432 0.465556 0.526779 0.499383 0.520972 0.436201 0.490560 0.544544 0.527159 0.576844 0.483597 0.510756 0.446052 0.552450 0.481017 0.518746 0.539205 0.462917 0.497385 0.409764 0.441230 0.519809 0.414303 0.534566 0.511084 0.441621 0.519232 0.430932 0.516578 0.432540
0.708530 0.770420 0.740424 0.597670 0.821649 0.684280 0.567869 0.730646 0.570177 0.957540 0.874504 0.761496 0.514691 0.585856 0.791945 0.714252 0.885028 0.538496 0.600444 0.852882 0.461265 0.681196 0.702197 0.749348 0.638531 1.040569 0.508346 0.870557 0.518230 0.564363 0.698798 0.683593 0.560764 0.461917 0.560768 0.722662 0.776171 0.543509 0.781562 0.783341 0.481652 0.642174 0.491992 0.991045 0.885219 0.711079 0.532682 0.504626 0.738652 0.656029 0.599111 0.553986 0.596726 0.528871 0.517972 0.647258 0.666762 0.736308 0.630002 0.538796 0.635753 0.721395 0.681554 0.508628 0.512392 0.625062 0.616283 0.678701
0.492516 0.590181 0.584309 0.838890 0.509141 0.901861 0.692308 0.839521 0.612505 0.772292 0.682272 0.925997 0.371860 0.579893 0.702697 0.490775 0.782282 0.491268 1.296566 0.717768 0.500973 0.702197 0.706035 1.117409 0.826877 0.517276 0.610309 0.642074 0.607259 1.082865 0.731895 0.454606 1.022580 1.011342 0.668627 0.620212 0.676837 0.878477 0.629721 1.176307 0.733649 1.172984 0.944611 0.868407 0.601542 0.937091 0.427393 0.535353 0.588683 0.493892 0.650705 0.509240 0.537765 0.521778 0.602424 0.612280 0.731790 0.977623 0.699244 0.674186 0.673431 0.637043 0.794365 0.491064 0.476901 0.508724 0.431231 0.619710
0.545483 0.520326 0.534009 0.716166 0.522162 0.737938 0.655855 0.735783 0.623869 0.689172 0.643671 0.821788 0.473655 0.594756 0.665606 0.487308 0.693790 0.491515 0.984964 0.663653 0.533828 0.749348 1.117409 0.655454 0.706506 0.503774 0.548308 0.622399 0.599993 0.942162 0.660764 0.472791 0.813674 0.871485 0.641219 0.565109 0.620427 0.721388 0.571711 0.925681 0.652447 0.915509 0.776127 0.771092 0.639100 0.797538 0.511494 0.567299 0.579740 0.523906 0.614863 0.501278 0.574122 0.531314 0.605747 0.525090 0.607017 0.781860 0.628622 0.581360 0.638627 0.664597 0.753719 0.447460 0.478806 0.523325 0.477294 0.582851
0.524838 0.599591 0.496399 0.885816 0.491144 0.978337 0.740206 0.790781 0.698245 0.616224 0.596952 0.613297 0.551573 0.572284 0.621570 0.541603 0.589125 0.497166 0.734666 0.599518 0.532703 0.638531 0.826877 0.706506 0.632428 0.634565 0.527127 0.598922 0.681789 0.766710 0.708888 0.502160 0.557322 0.567688 0.447729 0.617339 0.495613 0.740370 0.477280 1.021530 0.663633 0.741819 0.680164 0.638414 0.606454 0.496696 0.448990 0.570263 0.577611 0.501516 0.588956 0.547714 0.483686 0.492666 0.623003 0.617018 0.676974 0.686819 0.680233 0.612043 0.625846 0.626651 0.703103 0.511617 0.482822 0.578299 0.509952 0.646237
0.668167 0.780385 0.745925 0.604749 0.835802 0.550666 0.556178 0.795005 0.554246 0.882958 0.854056 0.735687 0.443536 0.468359 0.866672 0.749585 0.937397 0.632329 0.457653 0.826614 0.409558 1.040569 0.517276 0.503774 0.634565 0.649223 0.562519 0.807669 0.429948 0.489344 0.504257 0.685156 0.442425 0.341844 0.531413 0.761790 0.742905 0.584360 0.786593 0.596316 0.454003 0.654712 0.435223 0.931041 0.860412 0.644460 0.479160 0.492478 0.738840 0.698008 0.629995 0.581424 0.513660 0.494902 0.409558 0.722237 0.704200 0.711476 0.620081 0.553664 0.551358 0.550277 0.583363 0.517446 0.596544 0.733391 0.768727 0.747179
0.757910 0.501187 0.446420 0.603386 0.445996 0.508529 0.647424 0.624456 0.648349 0.433682 0.523329 0.644045 0.459472 0.423904 0.561404 0.540636 0.585027 0.590679 0.664872 0.486146 0.561870 0.508346 0.610309 0.548308 0.527127 0.562519 0.579862 0.460989 0.673304 0.664367 0.545705 0.544881 0.743363 0.750912 0.794713 0.506900 0.493921 0.634490 0.525213 0.524044 0.587920 0.706779 0.692487 0.440701 0.522465 0.589699 0.541156 0.627837 0.525336 0.640890 0.555964 0.533428 0.489637 0.447495 0.547385 0.671441 0.631357 0.503844 0.476098 0.557218 0.519516 0.499415 0.573773 0.580181 0.572741 0.572532 0.523552 0.575799
0.696828 1.220887 0.794694 0.644096 0.844908 0.753474 0.538659 0.783435 0.641468 0.974560 0.704434 0.777445 0.590797 0.507790 0.650652 0.705075 0.675517 0.617007 0.614964 1.271746 0.390063 0.870557 0.642074 0.622399 0.598922 0.807669 0.460989 0.696109 0.440211 0.491810 0.630015 0.611108 0.626585 0.480080 0.650747 1.176065 0.825876 0.569735 0.891629 0.837922 0.483083 0.714815 0.638119 1.013152 0.702317 0.729357 0.552818 0.452410 0.632430 0.624051 0.539396 0.524302 0.542484 0.558168 0.557100 0.687838 0.636035 0.826920 0.758887 0.615673 0.567649 0.627567 0.648327 0.546695 0.531279 0.605992 0.644991 0.734632
0.495031 0.480334 0.544032 0.653457 0.478168 0.731423 0.720695 0.503990 0.641254 0.426237 0.522769 0.461855 0.722310 0.552997 0.529145 0.491996 0.437526 0.452899 0.557884 0.416596 0.559854 0.518230 0.607259 0.599993 0.681789 0.429948 0.673304 0.440211 0.552899 0.662717 0.575834 0.491827 0.508817 0.572608 0.431149 0.452868 0.493809 0.539984 0.472288 0.671654 0.729964 0.512653 0.601455 0.406696 0.535725 0.404877 0.690799 0.584727 0.482780 0.486723 0.528777 0.582546 0.527862 0.485728 0.597780 0.506913 0.532615 0.431499 0.473944 0.573356 0.541856 0.628336 0.609002 0.480117 0.466632 0.524823 0.473092 0.531610
0.679822 0.455667 0.565723 0.766825 0.427281 0.879969 0.663849 0.722776 0.762133 0.426141 0.715994 0.726932 0.436980 0.645616 0.624946 0.504433 0.756846 0.456639 0.977115 0.478928 0.495882 0.564363 1.082865 0.942162 0.766710 0.489344 0.664367 0.491810 0.662717 0.649016 0.620389 0.446240 0.751085 1.025550 0.664587 0.445924 0.627375 0.722268 0.531448 0.880559 0.729061 0.872365 0.937897 0.469726 0.717380 0.616699 0.419991 0.654350 0.634852 0.481196 0.610302 0.470529 0.572445 0.498673 0.624413 0.552150 0.652777 0.744677 0.649068 0.650116 0.608942 0.647800 0.701406 0.483711 0.476196 0.515547 0.394788 0.624179
0.603186 0.578689 0.542847 0.656546 0.591191 0.814430 0.616918 0.694895 0.705096 0.672624 0.621879 0.695054 0.513677 0.574230 0.589930 0.545187 0.543313 0.480691 0.693462 0.594505 0.501693 0.698798 0.731895 0.660764 0.708888 0.504257 0.545705 0.630015 0.575834 0.620389 0.619229 0.516248 0.603099 0.608401 0.556427 0.593926 0.548647 0.563248 0.547859 0.835664 0.586756 0.651761 0.663355 0.686362 0.595726 0.589850 0.472026 0.507994 0.566586 0.523501 0.558034 0.567544 0.519592 0.540665 0.652760 0.605294 0.602883 0.642686 0.644119 0.629961 0.647511 0.661951 0.704104 0.473631 0.462302 0.520828 0.472472 0.637518
0.548456 0.584354 0.792249 0.502432 0.811447 0.506871 0.534042 0.570974 0.657362 0.740973 0.691955 0.623990 0.496804 0.508207 0.609488 0.733214 0.671018 0.645513 0.471364 0.630242 0.507687 0.683593 0.454606 0.472791 0.502160 0.685156 0.544881 0.611108 0.491827 0.446240 0.516248 0.594229 0.539539 0.331863 0.520157 0.559902 0.758818 0.578751 0.841290 0.551546 0.459429 0.517356 0.608753 0.766691 0.729802 0.709609 0.565857 0.541166 0.646936 0.706313 0.496826 0.600379 0.546264 0.536670 0.517473 0.592471 0.617739 0.566323 0.509139 0.533317 0.542115 0.557204 0.579907 0.581146 0.549666 0.651416 0.673379 0.637858
0.710356 0.620939 0.534886 0.642984 0.593485 0.510451 0.543593 0.726069 0.676174 0.585727 0.559622 0.882361 0.331123 0.447038 0.490737 0.550357 0.728229 0.661236 1.080941 0.680348 0.535374 0.560764 1.022580 0.813674 0.557322 0.442425 0.743363 0.626585 0.508817 0.751085 0.603099 0.539539 0.648854 0.824510 1.024842 0.608517 0.653161 0.788207 0.761748 0.742819 0.574851 1.062956 0.956866 0.701235 0.571928 1.022447 0.496246 0.509683 0.518419 0.683391 0.542012 0.495697 0.518065 0.486629 0.546883 0.690447 0.715706 0.776332 0.555198 0.572510 0.582210 0.435190 0.631400 0.494593 0.517865 0.583774 0.608865 0.615807
0.736829 0.460014 0.418758 0.694811 0.360444 0.671867 0.477290 0.664689 0.670884 0.427420 0.525956 0.824201 0.402936 0.605932 0.511385 0.394211 0.528889 0.355256 0.972518 0.456431 0.496949 0.461917 1.011342 0.871485 0.567688 0.341844 0.750912 0.480080 0.572608 1.025550 0.608401 0.331863 0.824510 0.600088 0.823236 0.487727 0.503218 0.620740 0.433856 0.677102 0.607416 0.819264 0.867240 0.442253 0.413389 0.616671 0.460813 0.536630 0.457876 0.321717 0.550369 0.418711 0.540416 0.511298 0.602698 0.550635 0.601470 0.813834 0.726386 0.631814 0.558390 0.567552 0.643464 0.495005 0.506697 0.438871 0.321940 0.577809
0.965890 0.651402 0.529502 0.594118 0.578467 0.412970 0.478478 0.724910 0.775929 0.481264 0.592056 0.810248 0.377983 0.481546 0.456927 0.559685 0.749203 0.645522 0.788674 0.663336 0.539072 0.560768 0.668627 0.641219 0.447729 0.531413 0.794713 0.650747 0.431149 0.664587 0.556427 0.520157 1.024842 0.823236 0.626414 0.666365 0.655540 0.628833 0.735437 0.480839 0.487950 0.831848 0.906506 0.520469 0.650102 0.819828 0.475383 0.471704 0.498138 0.652153 0.491776 0.522905 0.506665 0.470688 0.557979 0.755731 0.709988 0.696142 0.587256 0.580596 0.580624 0.472120 0.583544 0.520280 0.577353 0.567500 0.590045 0.653982
0.660620 1.286441 0.667670 0.710737 0.764549 0.770899 0.573047 0.809544 0.699683 0.847435 0.564570 0.736979 0.593719 0.440088 0.611851 0.679158 0.573675 0.580140 0.621983 1.184397 0.412550 0.722662 0.620212 0.565109 0.617339 0.761790 0.506900 1.176065 0.452868 0.445924 0.593926 0.559902 0.608517 0.487727 0.666365 0.679538 0.663244 0.614101 0.808193 0.814447 0.501481 0.732406 0.685082 0.881710 0.534696 0.623997 0.581146 0.387744 0.587490 0.575437 0.515760 0.550463 0.463750 0.563231 0.626627 0.693688 0.683287 0.880542 0.902827 0.633860 0.602580 0.575926 0.632302 0.593050 0.595379 0.622739 0.656484 0.827838
0.662835 0.732959 1.292444 0.537917 1.155349 0.521427 0.542845 0.616190 0.716176 0.833144 0.882822 0.821320 0.520111 0.514390 0.778443 0.821548 0.809515 0.730567 0.678704 0.828063 0.434596 0.776171 0.676837 0.620427 0.495613 0.742905 0.493921 0.825876 0.493809 0.627375 0.548647 0.758818 0.653161 0.503218 0.655540 0.663244 0.684475 0.589801 1.262530 0.649520 0.539351 0.684449 0.766805 0.902955 0.894712 0.979060 0.627202 0.549227 0.809944 0.805635 0.610002 0.549424 0.613102 0.549971 0.464582 0.646824 0.700839 0.762438 0.544672 0.539885 0.641478 0.565141 0.706194 0.542594 0.518171 0.723422 0.777717 0.722879
0.577401 0.595697 0.553157 0.848144 0.610564 0.705119 0.666946 0.810555 0.711668 0.614693 0.638561 0.836949 0.368721 0.455533 0.674241 0.679560 0.685283 0.689410 0.868616 0.620876 0.521569 0.543509 0.878477 0.721388 0.740370 0.584360 0.634490 0.569735 0.539984 0.722268 0.563248 0.578751 0.788207 0.620740 0.628833 0.614101 0.589801 0.650354 0.658655 0.839746 0.642616 0.935557 0.806805 0.710419 0.616397 0.821061 0.514740 0.562413 0.604735 0.707680 0.577297 0.517346 0.456528 0.486284 0.607749 0.713576 0.730696 0.773624 0.595784 0.572218 0.586333 0.505276 0.597822 0.574867 0.543737 0.621160 0.613760 0.669428
0.653002 0.888115 1.209815 0.548717 1.238152 0.458575 0.538157 0.669135 0.777534 0.832179 0.820389 0.837836 0.505330 0.481500 0.731715 0.885189 0.805472 0.817388 0.697508 0.917195 0.451432 0.781562 0.629721 0.571711 0.477280 0.786593 0.525213 0.891629 0.472288 0.531448 0.547859 0.841290 0.761748 0.433856 0.735437 0.808193 1.262530 0.658655 0.702688 0.628839 0.503307 0.783082 0.850027 0.973619 0.874937 1.055795 0.654212 0.482841 0.806115 0.910220 0.560181 0.530198 0.564454 0.558880 0.490806 0.715658 0.760823 0.826558 0.596125 0.516729 0.626885 0.495006 0.704948 0.592391 0.595739 0.797203 0.893836 0.758097
0.534040 0.787425 0.619882 0.999466 0.618074 1.265936 0.788375 0.944440 0.797798 0.891852 0.696242 0.851308 0.592900 0.605775 0.723826 0.601828 0.688400 0.513278 1.042057 0.858477 0.465556 0.783341 1.176307 0.925681 1.021530 0.596316 0.524044 0.837922 0.671654 0.880559 0.835664 0.551546 0.742819 0.677102 0.480839 0.814447 0.649520 0.839746 0.628839 0.740642 0.693848 0.979836 0.881330 0.926637 0.678664 0.696450 0.469227 0.530120 0.622383 0.519718 0.631305 0.553917 0.508506 0.528671 0.706656 0.677601 0.767662 0.917114 0.843597 0.687128 0.725376 0.737336 0.846405 0.508863 0.435237 0.578233 0.461962 0.739593
0.468863 0.488885 0.490912 0.598391 0.402225 0.657630 0.785970 0.570059 0.592292 0.392551 0.551340 0.441198 0.473355 0.515805 0.565832 0.481012 0.563957 0.540943 0.680456 0.489967 0.526779 0.481652 0.733649 0.652447 0.663633 0.454003 0.587920 0.483083 0.729964 0.729061 0.586756 0.459429 0.574851 0.607416 0.487950 0.501481 0.539351 0.642616 0.503307 0.693848 0.554766 0.701441 0.747648 0.471266 0.572956 0.534967 0.491218 0.614683 0.549878 0.572946 0.533380 0.556934 0.518079 0.521194 0.577061 0.509026 0.564106 0.478163 0.398368 0.525343 0.577925 0.565469 0.648404 0.476952 0.507638 0.465038 0.478349 0.536898
0.629369 0.709130 0.590393 0.884250 0.674138 0.751183 0.694827 1.092212 0.826293 0.769086 0.637588 1.000818 0.282569 0.451929 0.677940 0.600073 0.825055 0.667902 1.205008 0.789503 0.499383 0.642174 1.172984 0.915509 0.741819 0.654712 0.706779 0.714815 0.512653 0.872365 0.651761 0.517356 1.062956 0.819264 0.831848 0.732406 0.684449 0.935557 0.783082 0.979836 0.701441 0.724525 1.078112 0.889140 0.652384 0.985371 0.453194 0.484854 0.641321 0.683224 0.592311 0.501181 0.497848 0.485011 0.581808 0.767408 0.824057 0.990657 0.726281 0.632632 0.622495 0.489090 0.762031 0.568114 0.561736 0.658668 0.636179 0.717840
0.729546 0.661963 0.700960 0.791066 0.695579 0.805154 0.722130 0.854773 1.053516 0.539873 0.639260 0.857654 0.404500 0.511914 0.515452 0.596638 0.730980 0.688215 1.069143 0.651318 0.520972 0.491992 0.944611 0.776127 0.680164 0.435223 0.692487 0.638119 0.601455 0.937897 0.663355 0.608753 0.956866 0.867240 0.906506 0.685082 0.766805 0.806805 0.850027 0.881330 0.747648 1.078112 0.699036 0.623113 0.657708 0.853718 0.493694 0.571837 0.584215 0.674304 0.548880 0.500669 0.481077 0.517838 0.673192 0.746149 0.822769 0.815119 0.696563 0.633032 0.630885 0.537055 0.785442 0.561114 0.537625 0.604369 0.580050 0.754838
0.546530 0.904637 0.868719 0.669517 0.977093 0.686538 0.590372 0.838359 0.581742 1.283187 0.799739 0.936556 0.466300 0.509240 0.787475 0.787460 0.827076 0.647260 0.802638 1.060343 0.436201 0.991045 0.868407 0.771092 0.638414 0.931041 0.440701 1.013152 0.406696 0.469726 0.686362 0.766691 0.701235 0.442253 0.520469 0.881710 0.902955 0.710419 0.973619 0.926637 0.471266 0.889140 0.623113 0.721595 0.798745 1.019587 0.564650 0.434269 0.719985 0.730559 0.565824 0.519698 0.534732 0.581239 0.523229 0.694838 0.739611 1.008397 0.739878 0.565024 0.634782 0.608303 0.716886 0.544723 0.515638 0.691365 0.696233 0.750784
0.701818 0.613882 0.868892 0.586320 0.860920 0.617703 0.624800 0.662343 0.691345 0.734530 1.062557 0.662587 0.538390 0.591332 0.841817 0.788824 1.055182 0.666703 0.543626 0.706258 0.490560 0.885219 0.601542 0.639100 0.606454 0.860412 0.522465 0.702317 0.535725 0.717380 0.595726 0.729802 0.571928 0.413389 0.650102 0.534696 0.894712 0.616397 0.874937 0.678664 0.572956 0.652384 0.657708 0.798745 0.664371 0.729827 0.517487 0.607835 0.885701 0.819056 0.615919 0.570536 0.580738 0.564749 0.468198 0.649317 0.680667 0.641305 0.523290 0.523027 0.641727 0.620986 0.668722 0.482337 0.483990 0.645206 0.692246 0.661609
0.631150 0.647712 0.847103 0.568061 0.896260 0.384989 0.547269 0.733529 0.638332 0.865053 0.750183 1.058542 0.305452 0.500401 0.643573 0.708570 0.860581 0.779398 0.935691 0.806926 0.544544 0.711079 0.937091 0.797538 0.496696 0.644460 0.589699 0.729357 0.404877 0.616699 0.589850 0.709609 1.022447 0.616671 0.819828 0.623997 0.979060 0.821061 1.055795 0.696450 0.534967 0.985371 0.853718 1.019587 0.729827 0.682399 0.529090 0.525375 0.633529 0.853259 0.588242 0.538059 0.568071 0.560294 0.498458 0.665331 0.744548 0.856516 0.491738 0.527660 0.618457 0.460184 0.671724 0.525240 0.516079 0.690477 0.766402 0.659294
0.494270 0.582273 0.697658 0.484327 0.681112 0.465592 0.484352 0.405597 0.493874 0.548820 0.541884 0.492199 0.808267 0.510626 0.534031 0.580135 0.426642 0.527229 0.461703 0.551756 0.527159 0.532682 0.427393 0.511494 0.448990 0.479160 0.541156 0.552818 0.690799 0.419991 0.472026 0.565857 0.496246 0.460813 0.475383 0.581146 0.627202 0.514740 0.654212 0.469227 0.491218 0.453194 0.493694 0.564650 0.517487 0.529090 0.537778 0.514683 0.533986 0.545319 0.472076 0.457176 0.572622 0.530302 0.577458 0.484526 0.503328 0.522519 0.504499 0.521576 0.483837 0.511199 0.591849 0.532835 0.514954 0.604215 0.606274 0.561684
0.503426 0.353549 0.520799 0.488881 0.436273 0.516350 0.585575 0.404777 0.507224 0.441497 0.592953 0.440630 0.487818 0.542203 0.509020 0.487774 0.583685 0.504792 0.494585 0.446307 0.576844 0.504626 0.535353 0.567299 0.570263 0.492478 0.627837 0.452410 0.584727 0.654350 0.507994 0.541166 0.509683 0.536630 0.471704 0.387744 0.549227 0.562413 0.482841 0.530120 0.614683 0.484854 0.571837 0.434269 0.607835 0.525375 0.514683 0.513625 0.556266 0.574011 0.487784 0.558347 0.493925 0.511768 0.546532 0.455207 0.462555 0.406620 0.391449 0.488600 0.533950 0.516914 0.545276 0.489587 0.464679 0.479066 0.484600 0.401174
0.597142 0.616380 0.809733 0.584819 0.799162 0.598753 0.568732 0.636685 0.653392 0.660326 0.867224 0.641743 0.515001 0.570324 0.869198 0.741404 0.767182 0.615233 0.546196 0.629945 0.483597 0.738652 0.588683 0.579740 0.577611 0.738840 0.525336 0.632430 0.482780 0.634852 0.566586 0.646936 0.518419 0.457876 0.498138 0.587490 0.809944 0.604735 0.806115 0.622383 0.549878 0.641321 0.584215 0.719985 0.885701 0.633529 0.533986 0.556266 0.630072 0.765028 0.598730 0.536932 0.584351 0.526510 0.475402 0.620984 0.679017 0.656572 0.559322 0.544502 0.614720 0.600813 0.596758 0.566285 0.600078 0.679360 0.663038 0.622482
0.653949 0.632710 0.750007 0.517498 0.823475 0.405477 0.610243 0.618725 0.657450 0.568849 0.758579 0.648076 0.445012 0.512989 0.672890 0.831468 0.729803 0.796511 0.499320 0.634404 0.510756 0.656029 0.493892 0.523906 0.501516 0.698008 0.640890 0.624051 0.486723 0.481196 0.523501 0.706313 0.683391 0.321717 0.652153 0.575437 0.805635 0.707680 0.910220 0.519718 0.572946 0.683224 0.674304 0.730559 0.819056 0.853259 0.545319 0.574011 0.765028 0.616158 0.530000 0.588117 0.542030 0.548140 0.496658 0.657017 0.672987 0.554730 0.404977 0.437997 0.593784 0.476609 0.618448 0.559526 0.593090 0.728077 0.791699 0.603910
0.520960 0.534938 0.648380 0.554911 0.564598 0.598456 0.570360 0.618629 0.567658 0.594250 0.627693 0.622279 0.565372 0.502922 0.653685 0.539118 0.593911 0.510999 0.619668 0.554551 0.446052 0.599111 0.650705 0.614863 0.588956 0.629995 0.555964 0.539396 0.528777 0.610302 0.558034 0.496826 0.542012 0.550369 0.491776 0.515760 0.610002 0.577297 0.560181 0.631305 0.533380 0.592311 0.548880 0.565824 0.615919 0.588242 0.472076 0.487784 0.598730 0.530000 0.574417 0.505259 0.518036 0.507334 0.524869 0.617081 0.580323 0.600120 0.574658 0.583559 0.531833 0.588606 0.606940 0.507875 0.489476 0.556188 0.532323 0.566980
0.536360 0.518615 0.563001 0.517553 0.541210 0.554813 0.565559 0.567894 0.560874 0.541012 0.560560 0.496867 0.509200 0.492863 0.566285 0.546658 0.533956 0.531720 0.489249 0.511474 0.552450 0.553986 0.509240 0.501278 0.547714 0.581424 0.533428 0.524302 0.582546 0.470529 0.567544 0.600379 0.495697 0.418711 0.522905 0.550463 0.549424 0.517346 0.530198 0.553917 0.556934 0.501181 0.500669 0.519698 0.570536 0.538059 0.457176 0.558347 0.536932 0.588117 0.505259 0.543879 0.536733 0.529288 0.588118 0.561672 0.593774 0.499812 0.479708 0.494612 0.571405 0.535719 0.590781 0.465708 0.508116 0.554749 0.556941 0.552772
0.577402 0.488514 0.607687 0.511925 0.595172 0.519851 0.485683 0.539079 0.520570 0.544162 0.639074 0.589283 0.519521 0.604870 0.560992 0.573080 0.552594 0.504789 0.505793 0.523552 0.481017 0.596726 0.537765 0.574122 0.483686 0.513660 0.489637 0.542484 0.527862 0.572445 0.519592 0.546264 0.518065 0.540416 0.506665 0.463750 0.613102 0.456528 0.564454 0.508506 0.518079 0.497848 0.481077 0.534732 0.580738 0.568071 0.572622 0.493925 0.584351 0.542030 0.518036 0.536733 0.547040 0.511669 0.525386 0.484493 0.498940 0.493718 0.492936 0.514495 0.497142 0.592322 0.507059 0.519018 0.470330 0.471777 0.551205 0.553070
0.465257 0.555401 0.568444 0.478948 0.558119 0.528999 0.506675 0.500242 0.536908 0.575297 0.506542 0.524970 0.545591 0.454873 0.489925 0.528899 0.492020 0.540632 0.486699 0.545433 0.518746 0.528871 0.521778 0.531314 0.492666 0.494902 0.447495 0.558168 0.485728 0.498673 0.540665 0.536670 0.486629 0.511298 0.470688 0.563231 0.549971 0.486284 0.558880 0.528671 0.521194 0.485011 0.517838 0.581239 0.564749 0.560294 0.530302 0.511768 0.526510 0.548140 0.507334 0.529288 0.511669 0.532184 0.531589 0.484232 0.488081 0.497147 0.511886 0.477648 0.570811 0.567609 0.587959 0.551171 0.500561 0.436829 0.488023 0.527440
0.569164 0.606339 0.477106 0.668585 0.482064 0.752253 0.608451 0.618620 0.705675 0.534291 0.468212 0.544307 0.563080 0.494555 0.533466 0.524147 0.414458 0.488811 0.648954 0.526767 0.539205 0.517972 0.602424 0.605747 0.623003 0.409558 0.547385 0.557100 0.597780 0.624413 0.652760 0.517473 0.546883 0.602698 0.557979 0.626627 0.464582 0.607749 0.490806 0.706656 0.577061 0.581808 0.673192 0.523229 0.468198 0.498458 0.577458 0.546532 0.475402 0.496658 0.524869 0.588118 0.525386 0.531589 0.583628 0.565187 0.639859 0.610959 0.684211 0.595191 0.616732 0.619850 0.675189 0.528609 0.530578 0.519606 0.456341 0.694143
0.768168 0.738751 0.632119 0.725281 0.729466 0.650991 0.643161 0.846795 0.802043 0.667383 0.669537 0.794588 0.435036 0.474112 0.615406 0.677920 0.673962 0.676959 0.687131 0.665626 0.462917 0.647258 0.612280 0.525090 0.617018 0.722237 0.671441 0.687838 0.506913 0.552150 0.605294 0.592471 0.690447 0.550635 0.755731 0.693688 0.646824 0.713576 0.715658 0.677601 0.509026 0.767408 0.746149 0.694838 0.649317 0.665331 0.484526 0.455207 0.620984 0.657017 0.617081 0.561672 0.484493 0.484232 0.565187 0.654828 0.809212 0.750305 0.716575 0.574102 0.612843 0.531042 0.649152 0.559337 0.508771 0.651931 0.687445 0.782324
0.683819 0.682084 0.682561 0.736569 0.717185 0.719490 0.651403 0.821027 0.798698 0.681598 0.698445 0.796437 0.450816 0.504651 0.696099 0.673350 0.718520 0.637554 0.786512 0.637988 0.497385 0.666762 0.731790 0.607017 0.676974 0.704200 0.631357 0.636035 0.532615 0.652777 0.602883 0.617739 0.715706 0.601470 0.709988 0.683287 0.700839 0.730696 0.760823 0.767662 0.564106 0.824057 0.822769 0.739611 0.680667 0.744548 0.503328 0.462555 0.679017 0.672987 0.580323 0.593774 0.498940 0.488081 0.639859 0.809212 0.674797 0.782708 0.725286 0.587882 0.604818 0.580620 0.710401 0.561612 0.535526 0.744585 0.674458 0.763929
0.691896 0.862534 0.725392 0.821631 0.815932 0.818368 0.549353 0.979546 0.725744 0.940132 0.730853 0.985300 0.452272 0.594419 0.716494 0.664458 0.737492 0.598260 0.948521 0.781713 0.409764 0.736308 0.977623 0.781860 0.686819 0.711476 0.503844 0.826920 0.431499 0.744677 0.642686 0.566323 0.776332 0.813834 0.696142 0.880542 0.762438 0.773624 0.826558 0.917114 0.478163 0.990657 0.815119 1.008397 0.641305 0.856516 0.522519 0.406620 0.656572 0.554730 0.600120 0.499812 0.493718 0.497147 0.610959 0.750305 0.782708 0.728349 1.183461 0.698528 0.675656 0.573606 0.687405 0.615390 0.602797 0.670244 0.623032 0.856027
0.719885 0.856982 0.580774 0.841154 0.718448 0.951994 0.532246 0.972761 0.822859 0.801195 0.632748 0.849803 0.578002 0.625692 0.609888 0.594911 0.535331 0.494221 0.722187 0.674519 0.441230 0.630002 0.699244 0.628622 0.680233 0.620081 0.476098 0.758887 0.473944 0.649068 0.644119 0.509139 0.555198 0.726386 0.587256 0.902827 0.544672 0.595784 0.596125 0.843597 0.398368 0.726281 0.696563 0.739878 0.523290 0.491738 0.504499 0.391449 0.559322 0.404977 0.574658 0.479708 0.492936 0.511886 0.684211 0.716575 0.725286 1.183461 0.675981 0.726239 0.658829 0.615617 0.637305 0.581548 0.582401 0.629721 0.511760 0.868626
0.530232 0.631501 0.573828 0.626081 0.563943 0.693686 0.554871 0.676570 0.640335 0.609027 0.560878 0.664518 0.496234 0.530168 0.595507 0.526755 0.506019 0.493218 0.645977 0.562392 0.519809 0.538796 0.674186 0.581360 0.612043 0.553664 0.557218 0.615673 0.573356 0.650116 0.629961 0.533317 0.572510 0.631814 0.580596 0.633860 0.539885 0.572218 0.516729 0.687128 0.525343 0.632632 0.633032 0.565024 0.523027 0.527660 0.521576 0.488600 0.544502 0.437997 0.583559 0.494612 0.514495 0.477648 0.595191 0.574102 0.587882 0.698528 0.726239 0.591499 0.634183 0.595271 0.594432 0.502327 0.528897 0.534353 0.493869 0.689770
0.584513 0.574817 0.610001 0.605996 0.636253 0.675372 0.571817 0.657010 0.646406 0.627062 0.638274 0.654317 0.516050 0.532660 0.619764 0.637699 0.555399 0.540981 0.648000 0.562043 0.414303 0.635753 0.673431 0.638627 0.625846 0.551358 0.519516 0.567649 0.541856 0.608942 0.647511 0.542115 0.582210 0.558390 0.580624 0.602580 0.641478 0.586333 0.626885 0.725376 0.577925 0.622495 0.630885 0.634782 0.641727 0.618457 0.483837 0.533950 0.614720 0.593784 0.531833 0.571405 0.497142 0.570811 0.616732 0.612843 0.604818 0.675656 0.658829 0.634183 0.608931 0.613537 0.628527 0.579889 0.527335 0.584357 0.519906 0.666526
0.580522 0.611411 0.591665 0.640753 0.551077 0.786206 0.602843 0.649343 0.648311 0.671161 0.622877 0.585823 0.589672 0.611357 0.630480 0.528008 0.545646 0.408550 0.559759 0.605483 0.534566 0.721395 0.637043 0.664597 0.626651 0.550277 0.499415 0.627567 0.628336 0.647800 0.661951 0.557204 0.435190 0.567552 0.472120 0.575926 0.565141 0.505276 0.495006 0.737336 0.565469 0.489090 0.537055 0.608303 0.620986 0.460184 0.511199 0.516914 0.600813 0.476609 0.588606 0.535719 0.592322 0.567609 0.619850 0.531042 0.580620 0.573606 0.615617 0.595271 0.613537 0.602875 0.750219 0.473791 0.485611 0.533248 0.411843 0.627331
0.570603 0.625303 0.715628 0.727227 0.662663 0.780173 0.645517 0.727987 0.756202 0.676063 0.628616 0.714623 0.560645 0.583238 0.646822 0.631394 0.619275 0.543414 0.735941 0.651048 0.511084 0.681554 0.794365 0.753719 0.703103 0.583363 0.573773 0.648327 0.609002 0.701406 0.704104 0.579907 0.631400 0.643464 0.583544 0.632302 0.706194 0.597822 0.704948 0.846405 0.648404 0.762031 0.785442 0.716886 0.668722 0.671724 0.591849 0.545276 0.596758 0.618448 0.606940 0.590781 0.507059 0.587959 0.675189 0.649152 0.710401 0.687405 0.637305 0.594432 0.628527 0.750219 0.659322 0.513733 0.540125 0.578093 0.557439 0.706014
0.555092 0.600354 0.568723 0.599445 0.581896 0.535150 0.498096 0.597795 0.600808 0.542301 0.530929 0.551857 0.543769 0.476231 0.549473 0.561518 0.488128 0.546560 0.513064 0.550046 0.441621 0.508628 0.491064 0.447460 0.511617 0.517446 0.580181 0.546695 0.480117 0.483711 0.473631 0.581146 0.494593 0.495005 0.520280 0.593050 0.542594 0.574867 0.592391 0.508863 0.476952 0.568114 0.561114 0.544723 0.482337 0.525240 0.532835 0.489587 0.566285 0.559526 0.507875 0.465708 0.519018 0.551171 0.528609 0.559337 0.561612 0.615390 0.581548 0.502327 0.579889 0.473791 0.513733 0.547440 0.610817 0.593702 0.607506 0.549337
0.583702 0.581499 0.542804 0.522562 0.600239 0.444549 0.526748 0.581813 0.562642 0.480459 0.515683 0.521500 0.552290 0.479097 0.546671 0.592018 0.510213 0.551176 0.490907 0.527812 0.519232 0.512392 0.476901 0.478806 0.482822 0.596544 0.572741 0.531279 0.466632 0.476196 0.462302 0.549666 0.517865 0.506697 0.577353 0.595379 0.518171 0.543737 0.595739 0.435237 0.507638 0.561736 0.537625 0.515638 0.483990 0.516079 0.514954 0.464679 0.600078 0.593090 0.489476 0.508116 0.470330 0.500561 0.530578 0.508771 0.535526 0.602797 0.582401 0.528897 0.527335 0.485611 0.540125 0.610817 0.541110 0.605051 0.639186 0.572693
