0.609340 0.737367 0.761295 0.693909 0.777958 0.757461 0.550937 0.750172 0.766582 0.783296 0.768018 0.794181 0.520360 0.526957 0.685155 0.724429 0.685529 0.614740 0.699900 0.709246 0.523325 0.705896 0.798946 0.699957 0.603636 0.705835 0.595056 0.750196 0.534129 0.699618 0.563554 0.662103 0.671890 0.560859 0.656316 0.723756 0.743812 0.672822 0.763253 0.773727 0.540991 0.721506 0.799818 0.775347 0.744179 0.784245 0.526469 0.517621 0.646784 0.733221 0.508806 0.507840 0.523362 0.516397 0.641955 0.562955 0.560611 0.742017 0.725820 0.541930 0.539058 0.569362 0.563510 0.513274 0.516092 0.565237 0.570826 0.596533
0.737367 0.916711 0.936675 0.870006 0.948456 0.933724 0.616517 0.927819 0.940589 0.951891 0.941652 0.958379 0.547147 0.562290 0.858893 0.904257 0.859417 0.747567 0.877256 0.888090 0.554018 0.884330 0.961033 0.877304 0.726519 0.884233 0.709724 0.927878 0.578735 0.876981 0.644235 0.826808 0.840943 0.638371 0.817935 0.903514 0.922436 0.842214 0.938132 0.945641 0.594284 0.901293 0.961505 0.946752 0.922804 0.952486 0.561292 0.540807 0.803063 0.912845 0.520451 0.518190 0.554152 0.538043 0.795075 0.642870 0.637781 0.920783 0.905578 0.596302 0.589851 0.656763 0.644183 0.530799 0.537290 0.647745 0.659708 0.712655
0.761295 0.936675 0.953846 0.894369 0.963499 0.951362 0.630194 0.946304 0.957070 0.966241 0.957935 0.971381 0.552959 0.569955 0.883894 0.925750 0.884385 0.772160 0.901147 0.911181 0.560613 0.907737 0.973444 0.901200 0.749752 0.907670 0.731898 0.946377 0.588245 0.900907 0.660816 0.852705 0.866593 0.654320 0.843903 0.925092 0.941743 0.867893 0.955022 0.961215 0.605542 0.923060 0.973806 0.962106 0.942022 0.966718 0.568785 0.545848 0.829089 0.933382 0.522955 0.520436 0.560767 0.542693 0.821086 0.659299 0.653697 0.940288 0.926972 0.607813 0.600658 0.674616 0.660745 0.534556 0.541864 0.664718 0.677799 0.734982
0.693909 0.870006 0.894369 0.818678 0.909624 0.890674 0.593008 0.883349 0.899342 0.914237 0.900692 0.923197 0.537450 0.549532 0.807204 0.855723 0.807692 0.702824 0.826259 0.837900 0.542873 0.833790 0.926968 0.826358 0.684479 0.833700 0.670123 0.883430 0.562617 0.825929 0.615516 0.775346 0.789152 0.610733 0.766860 0.854864 0.876901 0.790446 0.896216 0.905898 0.575076 0.852320 0.927627 0.907344 0.877286 0.915044 0.548665 0.532400 0.752884 0.865543 0.516213 0.514440 0.542974 0.530173 0.745545 0.614414 0.610255 0.874899 0.857241 0.576755 0.571547 0.625824 0.615505 0.524421 0.529596 0.618469 0.628283 0.672613
0.777958 0.948456 0.963499 0.909624 0.971750 0.961350 0.640231 0.956962 0.966281 0.974059 0.967021 0.978331 0.557207 0.575525 0.899713 0.938621 0.900184 0.789029 0.915983 0.925279 0.565472 0.922090 0.980025 0.916027 0.766084 0.922026 0.747565 0.957014 0.595231 0.915748 0.672831 0.869687 0.883150 0.665946 0.861109 0.938038 0.952924 0.884392 0.964523 0.969814 0.613819 0.936192 0.980323 0.970571 0.953178 0.974457 0.574262 0.549542 0.846456 0.945489 0.524816 0.522089 0.565624 0.546135 0.838495 0.671234 0.665287 0.951659 0.939723 0.616263 0.608574 0.687430 0.672745 0.537358 0.545247 0.676974 0.690845 0.750781
0.757461 0.933724 0.951362 0.890674 0.961350 0.948809 0.627968 0.943601 0.954693 0.964203 0.955593 0.969548 0.552012 0.568710 0.880061 0.922550 0.880537 0.768236 0.897521 0.907722 0.559525 0.904204 0.971705 0.897593 0.746015 0.904131 0.728333 0.943677 0.586692 0.897266 0.658100 0.848658 0.862609 0.651714 0.839811 0.921854 0.938926 0.863905 0.952590 0.958985 0.603709 0.919795 0.972079 0.959911 0.939210 0.964698 0.567551 0.545015 0.824981 0.930340 0.522545 0.520076 0.559684 0.541935 0.816987 0.656615 0.651085 0.937418 0.923789 0.605951 0.598895 0.671702 0.658060 0.533938 0.541115 0.661961 0.674841 0.731403
0.550937 0.616517 0.630194 0.593008 0.640231 0.627968 0.523515 0.623778 0.633359 0.643559 0.634219 0.650404 0.509370 0.512406 0.588422 0.609317 0.588602 0.553474 0.596136 0.601098 0.510733 0.599276 0.653486 0.596184 0.548226 0.599232 0.544145 0.623779 0.515722 0.595957 0.529349 0.576706 0.581622 0.528113 0.573822 0.608926 0.620120 0.582076 0.631399 0.637655 0.518898 0.607708 0.654041 0.638643 0.620338 0.644146 0.512175 0.508106 0.569090 0.614137 0.504054 0.503610 0.510748 0.507547 0.566702 0.529075 0.527988 0.619100 0.610036 0.519342 0.517998 0.532052 0.529348 0.506113 0.507409 0.530141 0.532750 0.544858
0.750172 0.927819 0.946304 0.883349 0.956962 0.943601 0.623778 0.938181 0.949864 0.960025 0.950809 0.965787 0.550214 0.566341 0.872531 0.916139 0.873018 0.760627 0.890385 0.900779 0.557485 0.897159 0.968112 0.890443 0.738929 0.897089 0.721532 0.938214 0.583750 0.890085 0.653002 0.840796 0.854854 0.646823 0.832036 0.915483 0.933191 0.856148 0.947633 0.954418 0.600234 0.913324 0.968525 0.955408 0.933494 0.960554 0.565185 0.543484 0.817053 0.924227 0.521768 0.519378 0.557591 0.540487 0.809107 0.651614 0.646247 0.931704 0.917450 0.602446 0.595595 0.666157 0.652904 0.532788 0.539720 0.656795 0.669375 0.724561
0.766582 0.940589 0.957070 0.899342 0.966281 0.954693 0.633359 0.949864 0.960164 0.968888 0.960983 0.973746 0.554290 0.571693 0.889015 0.929999 0.889516 0.777455 0.906002 0.915799 0.562126 0.912422 0.975688 0.906048 0.754933 0.912353 0.736826 0.949926 0.590428 0.905747 0.664571 0.858157 0.871915 0.657975 0.849448 0.929378 0.945448 0.873200 0.958200 0.964108 0.608129 0.927389 0.976031 0.964954 0.945725 0.969339 0.570484 0.547016 0.834669 0.937377 0.523540 0.520953 0.562265 0.543753 0.826639 0.663014 0.657335 0.944064 0.931157 0.610474 0.603131 0.678631 0.664510 0.535438 0.542931 0.668552 0.681915 0.739957
0.783296 0.951891 0.966241 0.914237 0.974059 0.964203 0.643559 0.960025 0.968888 0.976240 0.969592 0.980247 0.558618 0.577365 0.904510 0.942414 0.904969 0.794399 0.920435 0.929490 0.567082 0.926377 0.981833 0.920486 0.771345 0.926306 0.752632 0.960075 0.597551 0.920197 0.676762 0.874939 0.888217 0.669772 0.866432 0.941836 0.956162 0.889426 0.967222 0.972233 0.616567 0.940064 0.982110 0.972950 0.956411 0.976615 0.576080 0.550759 0.851890 0.949020 0.525440 0.522643 0.567242 0.547282 0.843937 0.675129 0.669079 0.954941 0.943453 0.619067 0.611185 0.691622 0.676710 0.538294 0.546372 0.680974 0.695087 0.755900
0.768018 0.941652 0.957935 0.900692 0.967021 0.955593 0.634219 0.950809 0.960983 0.969592 0.961805 0.974371 0.554640 0.572151 0.890420 0.931147 0.890904 0.778970 0.907298 0.917052 0.562552 0.913706 0.976285 0.907349 0.756355 0.913629 0.738218 0.950876 0.591037 0.907064 0.665633 0.859692 0.873407 0.658989 0.850940 0.930498 0.946459 0.874662 0.959058 0.964883 0.608861 0.928565 0.976619 0.965725 0.946741 0.970037 0.570977 0.547299 0.836184 0.938469 0.523702 0.521094 0.562720 0.544076 0.828155 0.664075 0.658330 0.945066 0.932299 0.611177 0.603803 0.679754 0.665580 0.535678 0.543207 0.669602 0.682996 0.741372
0.794181 0.958379 0.971381 0.923197 0.978331 0.969548 0.650404 0.965787 0.973746 0.980247 0.974371 0.983746 0.561560 0.581222 0.913938 0.949650 0.914386 0.805392 0.929086 0.937595 0.570449 0.934683 0.985117 0.929122 0.782063 0.934621 0.763005 0.965827 0.602364 0.928865 0.684936 0.885370 0.898272 0.677673 0.877085 0.949135 0.962270 0.899445 0.972256 0.976715 0.622247 0.947483 0.985358 0.977350 0.962497 0.980575 0.579875 0.553326 0.862765 0.955748 0.526726 0.523784 0.570605 0.549664 0.854919 0.683252 0.676974 0.961176 0.950626 0.624856 0.616636 0.700306 0.684842 0.540230 0.548713 0.689298 0.703918 0.766332
0.520360 0.547147 0.552959 0.537450 0.557207 0.552012 0.509370 0.550214 0.554290 0.558618 0.554640 0.561560 0.503741 0.504955 0.535568 0.544185 0.535646 0.521396 0.538737 0.540799 0.504276 0.540042 0.562889 0.538760 0.519260 0.540030 0.517622 0.550232 0.506266 0.538663 0.511699 0.530760 0.532771 0.511203 0.529586 0.544025 0.548705 0.532976 0.553439 0.556113 0.507527 0.543492 0.563124 0.556519 0.548779 0.558869 0.504856 0.503237 0.527694 0.546193 0.501615 0.501440 0.504281 0.503002 0.526726 0.511581 0.511153 0.548255 0.544478 0.507711 0.507174 0.512794 0.511703 0.502433 0.502954 0.512021 0.513066 0.517901
0.526957 0.562290 0.569955 0.549532 0.575525 0.568710 0.512406 0.566341 0.571693 0.577365 0.572151 0.581222 0.504955 0.506567 0.547056 0.558397 0.547144 0.528333 0.551230 0.553947 0.505662 0.552948 0.582956 0.551267 0.525495 0.552939 0.523337 0.566355 0.508298 0.551128 0.515492 0.540695 0.543361 0.514832 0.539152 0.558192 0.564365 0.543637 0.570592 0.574082 0.509969 0.557484 0.583259 0.574612 0.564443 0.577694 0.506426 0.504288 0.536634 0.561050 0.502137 0.501908 0.505668 0.503978 0.535386 0.515346 0.514773 0.563788 0.558823 0.510217 0.509507 0.516935 0.515491 0.503221 0.503912 0.515931 0.517308 0.523704
0.685155 0.858893 0.883894 0.807204 0.899713 0.880061 0.588422 0.872531 0.889015 0.904510 0.890420 0.913938 0.535568 0.547056 0.795868 0.844387 0.796368 0.693823 0.814796 0.826412 0.540747 0.822352 0.917907 0.814860 0.676059 0.822274 0.662257 0.872603 0.559507 0.814506 0.609969 0.764444 0.778061 0.605364 0.756124 0.843562 0.865914 0.779342 0.885778 0.895821 0.571362 0.840997 0.918618 0.897333 0.866312 0.905358 0.546254 0.530778 0.742399 0.854388 0.515396 0.513705 0.540843 0.528671 0.735266 0.608927 0.604935 0.863913 0.845998 0.572931 0.568010 0.619800 0.609895 0.523194 0.528106 0.612767 0.622150 0.664635
0.724429 0.904257 0.925750 0.855723 0.938621 0.922550 0.609317 0.916139 0.929999 0.942414 0.931147 0.949650 0.544185 0.558397 0.844387 0.891174 0.844931 0.734342 0.863145 0.874363 0.550592 0.870459 0.952637 0.863204 0.713945 0.870363 0.697816 0.916235 0.573791 0.862863 0.635478 0.812046 0.826213 0.629931 0.803181 0.890379 0.910420 0.827530 0.927301 0.935530 0.588384 0.888018 0.953163 0.936739 0.910796 0.943075 0.557441 0.538239 0.788550 0.900212 0.519148 0.517038 0.550724 0.535607 0.780651 0.634142 0.629360 0.908604 0.892525 0.590301 0.584227 0.647410 0.635471 0.528830 0.534924 0.638811 0.650151 0.700603
0.685529 0.859417 0.884385 0.807692 0.900184 0.880537 0.588602 0.873018 0.889516 0.904969 0.890904 0.914386 0.535646 0.547144 0.796368 0.844931 0.796958 0.694216 0.815319 0.826920 0.540844 0.822896 0.918342 0.815328 0.676430 0.822808 0.662554 0.873120 0.559631 0.815064 0.610213 0.764964 0.778570 0.605597 0.756626 0.844139 0.866375 0.779866 0.886210 0.896308 0.571496 0.841551 0.919069 0.897812 0.866819 0.905817 0.546390 0.530859 0.742965 0.854915 0.515434 0.513723 0.540941 0.528713 0.735689 0.609096 0.605151 0.864361 0.846441 0.573038 0.568121 0.620113 0.610148 0.523247 0.528166 0.612943 0.622401 0.664914
0.614740 0.747567 0.772160 0.702824 0.789029 0.768236 0.553474 0.760627 0.777455 0.794399 0.778970 0.805392 0.521396 0.528333 0.693823 0.734342 0.694216 0.620588 0.708986 0.718732 0.524528 0.715338 0.810216 0.709039 0.608763 0.715268 0.599827 0.760750 0.535872 0.708799 0.566797 0.669912 0.680102 0.563922 0.663728 0.733547 0.754283 0.681075 0.774072 0.784774 0.543073 0.731319 0.811083 0.786434 0.754669 0.795371 0.527876 0.518498 0.653918 0.743447 0.509253 0.508236 0.524606 0.517250 0.648857 0.566133 0.563647 0.752276 0.735786 0.543997 0.541020 0.572935 0.566759 0.513937 0.516890 0.568505 0.574330 0.601353
0.699900 0.877256 0.901147 0.826259 0.915983 0.897521 0.596136 0.890385 0.906002 0.920435 0.907298 0.929086 0.538737 0.551230 0.814796 0.863145 0.815319 0.708986 0.833878 0.845427 0.544350 0.841363 0.932693 0.833942 0.690242 0.841285 0.675502 0.890444 0.564748 0.833550 0.619371 0.782723 0.796663 0.614432 0.774210 0.862365 0.884005 0.797983 0.902930 0.912358 0.577615 0.859804 0.933339 0.913756 0.884387 0.921215 0.550328 0.533535 0.760004 0.872858 0.516770 0.514929 0.544434 0.531199 0.752554 0.618235 0.613964 0.882104 0.864669 0.579354 0.573987 0.629982 0.619314 0.525264 0.530620 0.622412 0.632558 0.678041
0.709246 0.888090 0.911181 0.837900 0.925279 0.907722 0.601098 0.900779 0.915799 0.929490 0.917052 0.937595 0.540799 0.553947 0.826412 0.874363 0.826920 0.718732 0.845427 0.856972 0.546691 0.852924 0.940981 0.845526 0.699247 0.852830 0.683986 0.900894 0.568157 0.845121 0.625427 0.794097 0.808166 0.620259 0.785338 0.873497 0.894712 0.809496 0.912874 0.921870 0.581673 0.871026 0.941566 0.923195 0.895080 0.930226 0.553023 0.535295 0.771027 0.883846 0.517665 0.515733 0.546818 0.532861 0.763375 0.624192 0.619722 0.892740 0.875789 0.583479 0.577833 0.636586 0.625450 0.526597 0.532233 0.628584 0.639150 0.686623
0.523325 0.554018 0.560613 0.542873 0.565472 0.559525 0.510733 0.557485 0.562126 0.567082 0.562552 0.570449 0.504276 0.505662 0.540747 0.550592 0.540844 0.524528 0.544350 0.546691 0.504905 0.545859 0.571966 0.544358 0.522077 0.545840 0.520205 0.557500 0.507180 0.544294 0.513424 0.535287 0.537585 0.512847 0.533924 0.550407 0.555744 0.537799 0.561167 0.564220 0.508629 0.549842 0.572250 0.564707 0.555858 0.567372 0.505570 0.503699 0.531735 0.552909 0.501850 0.501645 0.504916 0.503447 0.530619 0.513292 0.512791 0.555244 0.550946 0.508819 0.508215 0.514666 0.513415 0.502789 0.503379 0.513772 0.514966 0.520526
0.705896 0.884330 0.907737 0.833790 0.922090 0.904204 0.599276 0.897159 0.912422 0.926377 0.913706 0.934683 0.540042 0.552948 0.822352 0.870459 0.822896 0.715338 0.841363 0.852924 0.545859 0.848918 0.938149 0.841421 0.696023 0.848827 0.680955 0.897276 0.566926 0.841104 0.623283 0.790146 0.804181 0.618162 0.781412 0.869617 0.890995 0.805505 0.909431 0.918610 0.580202 0.867142 0.938762 0.919970 0.891391 0.927132 0.552089 0.534645 0.767165 0.880061 0.517340 0.515431 0.545990 0.532267 0.759542 0.622055 0.617649 0.889020 0.871925 0.581929 0.576421 0.634262 0.623257 0.526109 0.531633 0.626337 0.636752 0.683542
0.798946 0.961033 0.973444 0.926968 0.980025 0.971705 0.653486 0.968112 0.975688 0.981833 0.976285 0.985117 0.562889 0.582956 0.917907 0.952637 0.918342 0.810216 0.932693 0.940981 0.571966 0.938149 0.986403 0.932735 0.786779 0.938082 0.767594 0.968158 0.604540 0.932482 0.688577 0.889831 0.902531 0.681208 0.881604 0.952118 0.964763 0.903675 0.974277 0.978503 0.624815 0.950539 0.986627 0.979104 0.964985 0.982143 0.581607 0.554465 0.867455 0.958504 0.527314 0.524307 0.572147 0.550750 0.859634 0.686847 0.680472 0.963694 0.953559 0.627455 0.619071 0.704193 0.688523 0.541105 0.549764 0.692983 0.707798 0.770954
0.699957 0.877304 0.901200 0.826358 0.916027 0.897593 0.596184 0.890443 0.906048 0.920486 0.907349 0.929122 0.538760 0.551267 0.814860 0.863204 0.815328 0.709039 0.833942 0.845526 0.544358 0.841421 0.932735 0.834051 0.690287 0.841342 0.675572 0.890500 0.564778 0.833585 0.619389 0.782748 0.796693 0.614461 0.774220 0.862381 0.884103 0.798008 0.903013 0.912406 0.577657 0.859832 0.933366 0.913803 0.884457 0.921263 0.550330 0.533541 0.760011 0.872907 0.516776 0.514948 0.544446 0.531221 0.752620 0.618282 0.613987 0.882175 0.864748 0.579424 0.574032 0.629993 0.619360 0.525273 0.530636 0.622479 0.632590 0.678127
0.603636 0.726519 0.749752 0.684479 0.766084 0.746015 0.548226 0.738929 0.754933 0.771345 0.756355 0.782063 0.519260 0.525495 0.676059 0.713945 0.676430 0.608763 0.690242 0.699247 0.522077 0.696023 0.786779 0.690287 0.598230 0.695950 0.590069 0.738955 0.532303 0.689980 0.560183 0.654000 0.663353 0.557634 0.648443 0.713276 0.732723 0.664222 0.751678 0.761941 0.538805 0.711135 0.787646 0.763543 0.733114 0.772279 0.525056 0.516666 0.639338 0.722455 0.508336 0.507416 0.522117 0.515522 0.634690 0.559609 0.557389 0.730967 0.715252 0.539678 0.536959 0.565686 0.560149 0.512566 0.515225 0.561755 0.567057 0.591481
0.705835 0.884233 0.907670 0.833700 0.922026 0.904131 0.599232 0.897089 0.912353 0.926306 0.913629 0.934621 0.540030 0.552939 0.822274 0.870363 0.822808 0.715268 0.841285 0.852830 0.545840 0.848827 0.938082 0.841342 0.695950 0.848747 0.680892 0.897192 0.566896 0.841018 0.623237 0.790045 0.804098 0.618111 0.781346 0.869546 0.890915 0.805436 0.909364 0.918536 0.580166 0.867050 0.938697 0.919892 0.891293 0.927061 0.552055 0.534640 0.767062 0.879977 0.517329 0.515425 0.545959 0.532252 0.759487 0.622031 0.617617 0.888971 0.871871 0.581909 0.576406 0.634199 0.623185 0.526096 0.531624 0.626317 0.636729 0.683472
0.595056 0.709724 0.731898 0.670123 0.747565 0.728333 0.544145 0.721532 0.736826 0.752632 0.738218 0.763005 0.517622 0.523337 0.662257 0.697816 0.662554 0.599827 0.675502 0.683986 0.520205 0.680955 0.767594 0.675572 0.590069 0.680892 0.582592 0.721552 0.529569 0.675264 0.555122 0.641679 0.650404 0.552772 0.636486 0.697144 0.715678 0.651205 0.733770 0.743573 0.535529 0.695163 0.768422 0.745126 0.716020 0.753536 0.522928 0.515239 0.628012 0.705901 0.507625 0.506789 0.520249 0.514218 0.623772 0.554622 0.552553 0.713990 0.699137 0.536325 0.533840 0.560154 0.555081 0.511495 0.513928 0.556581 0.561413 0.583896
0.750196 0.927878 0.946377 0.883430 0.957014 0.943677 0.623779 0.938214 0.949926 0.960075 0.950876 0.965827 0.550232 0.566355 0.872603 0.916235 0.873120 0.760750 0.890444 0.900894 0.557500 0.897276 0.968158 0.890500 0.738955 0.897192 0.721552 0.938290 0.583769 0.890176 0.653017 0.840883 0.854921 0.646833 0.832021 0.915529 0.933271 0.856221 0.947678 0.954489 0.600242 0.913390 0.968568 0.955477 0.933591 0.960606 0.565257 0.543483 0.817181 0.924314 0.521778 0.519382 0.557643 0.540490 0.809130 0.651545 0.646209 0.931704 0.917471 0.602411 0.595566 0.666258 0.652992 0.532787 0.539715 0.656741 0.669319 0.724568
0.534129 0.578735 0.588245 0.562617 0.595231 0.586692 0.515722 0.583750 0.590428 0.597551 0.591037 0.602364 0.506266 0.508298 0.559507 0.573791 0.559631 0.535872 0.564748 0.568157 0.507180 0.566926 0.604540 0.564778 0.532303 0.566896 0.529569 0.583769 0.510515 0.564647 0.519644 0.551548 0.554890 0.518807 0.549568 0.573508 0.581250 0.555202 0.589062 0.593436 0.512639 0.572684 0.604932 0.594130 0.581401 0.597965 0.508151 0.505418 0.546384 0.577126 0.502710 0.502413 0.507195 0.505049 0.544768 0.519455 0.518723 0.580516 0.574295 0.512927 0.512035 0.521462 0.519642 0.504085 0.504951 0.520167 0.521909 0.530043
0.699618 0.876981 0.900907 0.825929 0.915748 0.897266 0.595957 0.890085 0.905747 0.920197 0.907064 0.928865 0.538663 0.551128 0.814506 0.862863 0.815064 0.708799 0.833550 0.845121 0.544294 0.841104 0.932482 0.833585 0.689980 0.841018 0.675264 0.890176 0.564647 0.833283 0.619225 0.782489 0.796421 0.614261 0.773899 0.862060 0.883727 0.797734 0.902657 0.912130 0.577488 0.859539 0.933135 0.913538 0.884139 0.920982 0.550295 0.533464 0.759756 0.872610 0.516743 0.514895 0.544402 0.531157 0.752249 0.618052 0.613782 0.881777 0.864371 0.579164 0.573841 0.629846 0.619162 0.525218 0.530553 0.622188 0.632318 0.677787
0.563554 0.644235 0.660816 0.615516 0.672831 0.658100 0.529349 0.653002 0.664571 0.676762 0.665633 0.684936 0.511699 0.515492 0.609969 0.635478 0.610213 0.566797 0.619371 0.625427 0.513424 0.623283 0.688577 0.619389 0.560183 0.623237 0.555122 0.653017 0.519644 0.619225 0.536699 0.595574 0.601661 0.535120 0.591971 0.635021 0.648598 0.602221 0.662209 0.669744 0.523609 0.633576 0.689261 0.670947 0.648880 0.677470 0.515238 0.510121 0.586107 0.641413 0.505063 0.504503 0.513453 0.509440 0.583156 0.536354 0.534977 0.647369 0.636432 0.524125 0.522481 0.540067 0.536657 0.507634 0.509247 0.537651 0.540899 0.555996
0.662103 0.826808 0.852705 0.775346 0.869687 0.848658 0.576706 0.840796 0.858157 0.874939 0.859692 0.885370 0.530760 0.540695 0.764444 0.812046 0.764964 0.669912 0.782723 0.794097 0.535287 0.790146 0.889831 0.782748 0.654000 0.790045 0.641679 0.840883 0.551548 0.782489 0.595574 0.734781 0.747558 0.591536 0.726953 0.811193 0.833911 0.748721 0.854704 0.865483 0.561859 0.808698 0.890647 0.867144 0.834390 0.875873 0.540074 0.526609 0.714236 0.822161 0.513327 0.511847 0.535387 0.524826 0.707572 0.594637 0.591141 0.831829 0.813610 0.563163 0.558904 0.604188 0.595508 0.520077 0.524310 0.597945 0.606187 0.643806
0.671890 0.840943 0.866593 0.789152 0.883150 0.862609 0.581622 0.854854 0.871915 0.888217 0.873407 0.898272 0.532771 0.543361 0.778061 0.826213 0.778570 0.680102 0.796663 0.808166 0.537585 0.804181 0.902531 0.796693 0.663353 0.804098 0.650404 0.854921 0.554890 0.796421 0.601661 0.747558 0.760749 0.597362 0.739505 0.825390 0.848044 0.761966 0.868549 0.879052 0.565854 0.822859 0.903312 0.880661 0.848485 0.889119 0.542670 0.528354 0.726282 0.836353 0.514191 0.512622 0.537683 0.526446 0.719439 0.600697 0.596969 0.846018 0.827865 0.567256 0.562736 0.610773 0.601556 0.521383 0.525898 0.604210 0.612932 0.652635
0.560859 0.638371 0.654320 0.610733 0.665946 0.651714 0.528113 0.646823 0.657975 0.669772 0.658989 0.677673 0.511203 0.514832 0.605364 0.629931 0.605597 0.563922 0.614432 0.620259 0.512847 0.618162 0.681208 0.614461 0.557634 0.618111 0.552772 0.646833 0.518807 0.614261 0.535120 0.591536 0.597362 0.533627 0.588094 0.629483 0.642556 0.597895 0.655689 0.662965 0.522604 0.628079 0.681863 0.664122 0.642833 0.670454 0.514580 0.509692 0.582477 0.635609 0.504850 0.504314 0.512871 0.509033 0.579629 0.534786 0.533481 0.641368 0.630796 0.523112 0.521523 0.538348 0.535100 0.507312 0.508857 0.536041 0.539158 0.553616
0.656316 0.817935 0.843903 0.766860 0.861109 0.839811 0.573822 0.832036 0.849448 0.866432 0.850940 0.877085 0.529586 0.539152 0.756124 0.803181 0.756626 0.663728 0.774210 0.785338 0.533924 0.781412 0.881604 0.774220 0.648443 0.781346 0.636486 0.832021 0.549568 0.773899 0.591971 0.726953 0.739505 0.588094 0.719497 0.802489 0.824990 0.740675 0.845954 0.856797 0.559493 0.799891 0.882459 0.858459 0.825427 0.867374 0.538474 0.525625 0.706902 0.813249 0.512809 0.511391 0.533966 0.523853 0.700510 0.591129 0.587767 0.823116 0.804843 0.560820 0.556702 0.600218 0.591837 0.519313 0.523400 0.594342 0.602336 0.638544
0.723756 0.903514 0.925092 0.854864 0.938038 0.921854 0.608926 0.915483 0.929378 0.941836 0.930498 0.949135 0.544025 0.558192 0.843562 0.890379 0.844139 0.733547 0.862365 0.873497 0.550407 0.869617 0.952118 0.862381 0.713276 0.869546 0.697144 0.915529 0.573508 0.862060 0.635021 0.811193 0.825390 0.629483 0.802489 0.889708 0.909651 0.826741 0.926639 0.934906 0.588041 0.887261 0.952665 0.936110 0.910018 0.942499 0.557190 0.538142 0.787741 0.899450 0.519069 0.516963 0.550485 0.535450 0.779901 0.633721 0.628975 0.907960 0.891798 0.589993 0.583951 0.646874 0.634916 0.528728 0.534813 0.638383 0.649755 0.699904
0.743812 0.922436 0.941743 0.876901 0.952924 0.938926 0.620120 0.933191 0.945448 0.956162 0.946459 0.962270 0.548705 0.564365 0.865914 0.910420 0.866375 0.754283 0.884005 0.894712 0.555744 0.890995 0.964763 0.884103 0.732723 0.890915 0.715678 0.933271 0.581250 0.883727 0.648598 0.833911 0.848044 0.642556 0.824990 0.909651 0.928095 0.849351 0.943125 0.950260 0.597260 0.907472 0.965190 0.951304 0.928398 0.956725 0.563265 0.542137 0.810144 0.918773 0.521105 0.518800 0.555898 0.539275 0.802218 0.647212 0.641954 0.926442 0.911750 0.599380 0.592726 0.661495 0.648579 0.531773 0.538495 0.652283 0.664489 0.718649
0.672822 0.842214 0.867893 0.790446 0.884392 0.863905 0.582076 0.856148 0.873200 0.889426 0.874662 0.899445 0.532976 0.543637 0.779342 0.827530 0.779866 0.681075 0.797983 0.809496 0.537799 0.805505 0.903675 0.798008 0.664222 0.805436 0.651205 0.856221 0.555202 0.797734 0.602221 0.748721 0.761966 0.597895 0.740675 0.826741 0.849351 0.763225 0.869813 0.880303 0.566215 0.824155 0.904453 0.881890 0.849770 0.890324 0.542917 0.528541 0.727431 0.837668 0.514271 0.512696 0.537887 0.526584 0.720573 0.601240 0.597511 0.847337 0.829187 0.567648 0.563102 0.611404 0.602111 0.521502 0.526055 0.604804 0.613588 0.653428
0.763253 0.938132 0.955022 0.896216 0.964523 0.952590 0.631399 0.947633 0.958200 0.967222 0.959058 0.972256 0.553439 0.570592 0.885778 0.927301 0.886210 0.774072 0.902930 0.912874 0.561167 0.909431 0.974277 0.903013 0.751678 0.909364 0.733770 0.947678 0.589062 0.902657 0.662209 0.854704 0.868549 0.655689 0.845954 0.926639 0.943125 0.869813 0.956221 0.962273 0.606537 0.924649 0.974626 0.963155 0.943388 0.967689 0.569366 0.546254 0.831057 0.934842 0.523170 0.520639 0.561312 0.543117 0.823146 0.660767 0.655073 0.941716 0.928552 0.608861 0.601615 0.676027 0.662129 0.534889 0.542263 0.666207 0.679338 0.736907
0.773727 0.945641 0.961215 0.905898 0.969814 0.958985 0.637655 0.954418 0.964108 0.972233 0.964883 0.976715 0.556113 0.574082 0.895821 0.935530 0.896308 0.784774 0.912358 0.921870 0.564220 0.918610 0.978503 0.912406 0.761941 0.918536 0.743573 0.954489 0.593436 0.912130 0.669744 0.865483 0.879052 0.662965 0.856797 0.934906 0.950260 0.880303 0.962273 0.967798 0.611692 0.933024 0.978815 0.968589 0.950529 0.972652 0.572874 0.548580 0.842145 0.942587 0.524341 0.521664 0.564391 0.545247 0.834111 0.668129 0.662286 0.948917 0.936627 0.614071 0.606514 0.684174 0.669705 0.536636 0.544370 0.673791 0.687462 0.746760
0.540991 0.594284 0.605542 0.575076 0.613819 0.603709 0.518898 0.600234 0.608129 0.616567 0.608861 0.622247 0.507527 0.509969 0.571362 0.588384 0.571496 0.543073 0.577615 0.581673 0.508629 0.580202 0.624815 0.577657 0.538805 0.580166 0.535529 0.600242 0.512639 0.577488 0.523609 0.561859 0.565854 0.522604 0.559493 0.588041 0.597260 0.566215 0.606537 0.611692 0.515195 0.587078 0.625273 0.612520 0.597437 0.617056 0.509792 0.506508 0.555658 0.592354 0.503258 0.502901 0.508648 0.506073 0.553741 0.523394 0.522505 0.596402 0.589006 0.515540 0.514468 0.525780 0.523602 0.504911 0.505950 0.524241 0.526327 0.536104
0.721506 0.901293 0.923060 0.852320 0.936192 0.919795 0.607708 0.913324 0.927389 0.940064 0.928565 0.947483 0.543492 0.557484 0.840997 0.888018 0.841551 0.731319 0.859804 0.871026 0.549842 0.867142 0.950539 0.859832 0.711135 0.867050 0.695163 0.913390 0.572684 0.859539 0.633576 0.808698 0.822859 0.628079 0.799891 0.887261 0.907472 0.824155 0.924649 0.933024 0.587078 0.884896 0.951092 0.934269 0.907869 0.940741 0.556568 0.537648 0.785202 0.897177 0.518854 0.516766 0.549962 0.535081 0.777364 0.632293 0.627545 0.905701 0.889441 0.588939 0.582980 0.645298 0.633495 0.528398 0.534389 0.636844 0.648052 0.697925
0.799818 0.961505 0.973806 0.927627 0.980323 0.972079 0.654041 0.968525 0.976031 0.982110 0.976619 0.985358 0.563124 0.583259 0.918618 0.953163 0.919069 0.811083 0.933339 0.941566 0.572250 0.938762 0.986627 0.933366 0.787646 0.938697 0.768422 0.968568 0.604932 0.933135 0.689261 0.890647 0.903312 0.681863 0.882459 0.952665 0.965190 0.904453 0.974626 0.978815 0.625273 0.951092 0.986851 0.979410 0.965416 0.982416 0.581923 0.554681 0.868319 0.958992 0.527420 0.524392 0.572421 0.550940 0.860494 0.687519 0.681136 0.964143 0.954081 0.627909 0.619512 0.704911 0.689176 0.541267 0.549956 0.693656 0.708535 0.771780
0.775347 0.946752 0.962106 0.907344 0.970571 0.959911 0.638643 0.955408 0.964954 0.972950 0.965725 0.977350 0.556519 0.574612 0.897333 0.936739 0.897812 0.786434 0.913756 0.923195 0.564707 0.919970 0.979104 0.913803 0.763543 0.919892 0.745126 0.955477 0.594130 0.913538 0.670947 0.867144 0.880661 0.664122 0.858459 0.936110 0.951304 0.881890 0.963155 0.968589 0.612520 0.934269 0.979410 0.969373 0.951577 0.973362 0.573424 0.548924 0.843817 0.943726 0.524526 0.521824 0.564890 0.545604 0.835792 0.669333 0.663435 0.949975 0.937831 0.614889 0.607291 0.685439 0.670900 0.536914 0.544696 0.674995 0.688727 0.748334
0.744179 0.922804 0.942022 0.877286 0.953178 0.939210 0.620338 0.933494 0.945725 0.956411 0.946741 0.962497 0.548779 0.564443 0.866312 0.910796 0.866819 0.754669 0.884387 0.895080 0.555858 0.891391 0.964985 0.884457 0.733114 0.891293 0.716020 0.933591 0.581401 0.884139 0.648880 0.834390 0.848485 0.642833 0.825427 0.910018 0.928398 0.849770 0.943388 0.950529 0.597437 0.907869 0.965416 0.951577 0.928738 0.956974 0.563419 0.542200 0.810634 0.919126 0.521152 0.518824 0.556030 0.539347 0.802592 0.647436 0.642199 0.926725 0.912058 0.599506 0.592854 0.661822 0.648883 0.531840 0.538557 0.652481 0.664734 0.718995
0.784245 0.952486 0.966718 0.915044 0.974457 0.964698 0.644146 0.960554 0.969339 0.976615 0.970037 0.980575 0.558869 0.577694 0.905358 0.943075 0.905817 0.795371 0.921215 0.930226 0.567372 0.927132 0.982143 0.921263 0.772279 0.927061 0.753536 0.960606 0.597965 0.920982 0.677470 0.875873 0.889119 0.670454 0.867374 0.942499 0.956725 0.890324 0.967689 0.972652 0.617056 0.940741 0.982416 0.973362 0.956974 0.976985 0.576413 0.550976 0.852857 0.949638 0.525551 0.522740 0.567537 0.547489 0.844904 0.675827 0.669756 0.955510 0.944106 0.619557 0.611650 0.692380 0.677419 0.538459 0.546570 0.681686 0.695841 0.756809
0.526469 0.561292 0.568785 0.548665 0.574262 0.567551 0.512175 0.565185 0.570484 0.576080 0.570977 0.579875 0.504856 0.506426 0.546254 0.557441 0.546390 0.527876 0.550328 0.553023 0.505570 0.552089 0.581607 0.550330 0.525056 0.552055 0.522928 0.565257 0.508151 0.550295 0.515238 0.540074 0.542670 0.514580 0.538474 0.557190 0.563265 0.542917 0.569366 0.572874 0.509792 0.556568 0.581923 0.573424 0.563419 0.576413 0.506343 0.504196 0.536063 0.560065 0.502102 0.501867 0.505594 0.503912 0.534742 0.515059 0.514502 0.562609 0.557770 0.509990 0.509311 0.516676 0.515248 0.503164 0.503831 0.515605 0.516961 0.523287
0.517621 0.540807 0.545848 0.532400 0.549542 0.545015 0.508106 0.543484 0.547016 0.550759 0.547299 0.553326 0.503237 0.504288 0.530778 0.538239 0.530859 0.518498 0.533535 0.535295 0.503699 0.534645 0.554465 0.533541 0.516666 0.534640 0.515239 0.543483 0.505418 0.533464 0.510121 0.526609 0.528354 0.509692 0.525625 0.538142 0.542137 0.528541 0.546254 0.548580 0.506508 0.537648 0.554681 0.548924 0.542200 0.550976 0.504196 0.502808 0.523969 0.539976 0.501396 0.501244 0.503696 0.502592 0.523132 0.510019 0.509656 0.541793 0.538498 0.506673 0.506209 0.511066 0.510115 0.502106 0.502558 0.510404 0.511320 0.515476
0.646784 0.803063 0.829089 0.752884 0.846456 0.824981 0.569090 0.817053 0.834669 0.851890 0.836184 0.862765 0.527694 0.536634 0.742399 0.788550 0.742965 0.653918 0.760004 0.771027 0.531735 0.767165 0.867455 0.760011 0.639338 0.767062 0.628012 0.817181 0.546384 0.759756 0.586107 0.714236 0.726282 0.582477 0.706902 0.787741 0.810144 0.727431 0.831057 0.842145 0.555658 0.785202 0.868319 0.843817 0.810634 0.852857 0.536063 0.523969 0.695112 0.798467 0.511990 0.510656 0.531814 0.522295 0.688785 0.585191 0.582100 0.808030 0.789938 0.556862 0.553000 0.593982 0.586096 0.518059 0.521878 0.588246 0.595770 0.629935
0.733221 0.912845 0.933382 0.865543 0.945489 0.930340 0.614137 0.924227 0.937377 0.949020 0.938469 0.955748 0.546193 0.561050 0.854388 0.900212 0.854915 0.743447 0.872858 0.883846 0.552909 0.880061 0.958504 0.872907 0.722455 0.879977 0.705901 0.924314 0.577126 0.872610 0.641413 0.822161 0.836353 0.635609 0.813249 0.899450 0.918773 0.837668 0.934842 0.942587 0.592354 0.897177 0.958992 0.943726 0.919126 0.949638 0.560065 0.539976 0.798467 0.908983 0.520019 0.517813 0.553054 0.537252 0.790541 0.640052 0.635041 0.917047 0.901590 0.594325 0.588026 0.653773 0.641351 0.530142 0.536510 0.644868 0.656611 0.708760
0.508806 0.520451 0.522955 0.516213 0.524816 0.522545 0.504054 0.521768 0.523540 0.525440 0.523702 0.526726 0.501615 0.502137 0.515396 0.519148 0.515434 0.509253 0.516770 0.517665 0.501850 0.517340 0.527314 0.516776 0.508336 0.517329 0.507625 0.521778 0.502710 0.516743 0.505063 0.513327 0.514191 0.504850 0.512809 0.519069 0.521105 0.514271 0.523170 0.524341 0.503258 0.518854 0.527420 0.524526 0.521152 0.525551 0.502102 0.501396 0.511990 0.520019 0.500699 0.500622 0.501855 0.501300 0.511557 0.505010 0.504825 0.520903 0.519260 0.503331 0.503099 0.505535 0.505067 0.501054 0.501276 0.505194 0.505646 0.507748
0.507840 0.518190 0.520436 0.514440 0.522089 0.520076 0.503610 0.519378 0.520953 0.522643 0.521094 0.523784 0.501440 0.501908 0.513705 0.517038 0.513723 0.508236 0.514929 0.515733 0.501645 0.515431 0.524307 0.514948 0.507416 0.515425 0.506789 0.519382 0.502413 0.514895 0.504503 0.511847 0.512622 0.504314 0.511391 0.516963 0.518800 0.512696 0.520639 0.521664 0.502901 0.516766 0.524392 0.521824 0.518824 0.522740 0.501867 0.501244 0.510656 0.517813 0.500622 0.500556 0.501648 0.501158 0.510293 0.504462 0.504294 0.518621 0.517157 0.502973 0.502764 0.504920 0.504507 0.500937 0.501137 0.504632 0.505029 0.506900
0.523362 0.554152 0.560767 0.542974 0.565624 0.559684 0.510748 0.557591 0.562265 0.567242 0.562720 0.570605 0.504281 0.505668 0.540843 0.550724 0.540941 0.524606 0.544434 0.546818 0.504916 0.545990 0.572147 0.544446 0.522117 0.545959 0.520249 0.557643 0.507195 0.544402 0.513453 0.535387 0.537683 0.512871 0.533966 0.550485 0.555898 0.537887 0.561312 0.564391 0.508648 0.549962 0.572421 0.564890 0.556030 0.567537 0.505594 0.503696 0.531814 0.553054 0.501855 0.501648 0.504940 0.503459 0.530671 0.513309 0.512803 0.555322 0.551048 0.508821 0.508221 0.514709 0.513458 0.502793 0.503379 0.513782 0.514968 0.520573
0.516397 0.538043 0.542693 0.530173 0.546135 0.541935 0.507547 0.540487 0.543753 0.547282 0.544076 0.549664 0.503002 0.503978 0.528671 0.535607 0.528713 0.517250 0.531199 0.532861 0.503447 0.532267 0.550750 0.531221 0.515522 0.532252 0.514218 0.540490 0.505049 0.531157 0.509440 0.524826 0.526446 0.509033 0.523853 0.535450 0.539275 0.526584 0.543117 0.545247 0.506073 0.535081 0.550940 0.545604 0.539347 0.547489 0.503912 0.502592 0.522295 0.537252 0.501300 0.501158 0.503459 0.502431 0.521535 0.509360 0.508994 0.538912 0.535888 0.506204 0.505779 0.510302 0.509433 0.501960 0.502373 0.509690 0.510515 0.514451
0.641955 0.795075 0.821086 0.745545 0.838495 0.816987 0.566702 0.809107 0.826639 0.843937 0.828155 0.854919 0.526726 0.535386 0.735266 0.780651 0.735689 0.648857 0.752554 0.763375 0.530619 0.759542 0.859634 0.752620 0.634690 0.759487 0.623772 0.809130 0.544768 0.752249 0.583156 0.707572 0.719439 0.579629 0.700510 0.779901 0.802218 0.720573 0.823146 0.834111 0.553741 0.777364 0.860494 0.835792 0.802592 0.844904 0.534742 0.523132 0.688785 0.790541 0.511557 0.510293 0.530671 0.521535 0.682885 0.582398 0.579326 0.800263 0.782312 0.554960 0.551227 0.590678 0.583066 0.517421 0.521121 0.585351 0.592574 0.625650
0.562955 0.642870 0.659299 0.614414 0.671234 0.656615 0.529075 0.651614 0.663014 0.675129 0.664075 0.683252 0.511581 0.515346 0.608927 0.634142 0.609096 0.566133 0.618235 0.624192 0.513292 0.622055 0.686847 0.618282 0.559609 0.622031 0.554622 0.651545 0.519455 0.618052 0.536354 0.594637 0.600697 0.534786 0.591129 0.633721 0.647212 0.601240 0.660767 0.668129 0.523394 0.632293 0.687519 0.669333 0.647436 0.675827 0.515059 0.510019 0.585191 0.640052 0.505010 0.504462 0.513309 0.509360 0.582398 0.536074 0.534672 0.646109 0.635254 0.523926 0.522295 0.539634 0.536274 0.507561 0.509161 0.537349 0.540543 0.555501
0.560611 0.637781 0.653697 0.610255 0.665287 0.651085 0.527988 0.646247 0.657335 0.669079 0.658330 0.676974 0.511153 0.514773 0.604935 0.629360 0.605151 0.563647 0.613964 0.619722 0.512791 0.617649 0.680472 0.613987 0.557389 0.617617 0.552553 0.646209 0.518723 0.613782 0.534977 0.591141 0.596969 0.533481 0.587767 0.628975 0.641954 0.597511 0.655073 0.662286 0.522505 0.627545 0.681136 0.663435 0.642199 0.669756 0.514502 0.509656 0.582100 0.635041 0.504825 0.504294 0.512803 0.508994 0.579326 0.534672 0.533359 0.640864 0.630321 0.523022 0.521445 0.538167 0.534922 0.507279 0.508821 0.535918 0.539024 0.553391
0.742017 0.920783 0.940288 0.874899 0.951659 0.937418 0.619100 0.931704 0.944064 0.954941 0.945066 0.961176 0.548255 0.563788 0.863913 0.908604 0.864361 0.752276 0.882104 0.892740 0.555244 0.889020 0.963694 0.882175 0.730967 0.888971 0.713990 0.931704 0.580516 0.881777 0.647369 0.831829 0.846018 0.641368 0.823116 0.907960 0.926442 0.847337 0.941716 0.948917 0.596402 0.905701 0.964143 0.949975 0.926725 0.955510 0.562609 0.541793 0.808030 0.917047 0.520903 0.518621 0.555322 0.538912 0.800263 0.646109 0.640864 0.924943 0.910074 0.598572 0.591977 0.660048 0.647200 0.531498 0.538173 0.651123 0.663287 0.716948
0.725820 0.905578 0.926972 0.857241 0.939723 0.923789 0.610036 0.917450 0.931157 0.943453 0.932299 0.950626 0.544478 0.558823 0.845998 0.892525 0.846441 0.735786 0.864669 0.875789 0.550946 0.871925 0.953559 0.864748 0.715252 0.871871 0.699137 0.917471 0.574295 0.864371 0.636432 0.813610 0.827865 0.630796 0.804843 0.891798 0.911750 0.829187 0.928552 0.936627 0.589006 0.889441 0.954081 0.937831 0.912058 0.944106 0.557770 0.538498 0.789938 0.901590 0.519260 0.517157 0.551048 0.535888 0.782312 0.635254 0.630321 0.910074 0.894121 0.590972 0.584890 0.648297 0.636270 0.529020 0.535166 0.639910 0.651253 0.701940
0.541930 0.596302 0.607813 0.576755 0.616263 0.605951 0.519342 0.602446 0.610474 0.619067 0.611177 0.624856 0.507711 0.510217 0.572931 0.590301 0.573038 0.543997 0.579354 0.583479 0.508819 0.581929 0.627455 0.579424 0.539678 0.581909 0.536325 0.602411 0.512927 0.579164 0.524125 0.563163 0.567256 0.523112 0.560820 0.589993 0.599380 0.567648 0.608861 0.614071 0.515540 0.588939 0.627909 0.614889 0.599506 0.619557 0.509990 0.506673 0.556862 0.594325 0.503331 0.502973 0.508821 0.506204 0.554960 0.523926 0.523022 0.598572 0.590972 0.515935 0.514818 0.526334 0.524116 0.505025 0.506098 0.524822 0.526960 0.536915
0.539058 0.589851 0.600658 0.571547 0.608574 0.598895 0.517998 0.595595 0.603131 0.611185 0.603803 0.616636 0.507174 0.509507 0.568010 0.584227 0.568121 0.541020 0.573987 0.577833 0.508215 0.576421 0.619071 0.574032 0.536959 0.576406 0.533840 0.595566 0.512035 0.573841 0.522481 0.558904 0.562736 0.521523 0.556702 0.583951 0.592726 0.563102 0.601615 0.606514 0.514468 0.582980 0.619512 0.607291 0.592854 0.611650 0.509311 0.506209 0.553000 0.588026 0.503099 0.502764 0.508221 0.505779 0.551227 0.522295 0.521445 0.591977 0.584890 0.514818 0.513794 0.524538 0.522456 0.504676 0.505672 0.523115 0.525106 0.534384
0.569362 0.656763 0.674616 0.625824 0.687430 0.671702 0.532052 0.666157 0.678631 0.691622 0.679754 0.700306 0.512794 0.516935 0.619800 0.647410 0.620113 0.572935 0.629982 0.636586 0.514666 0.634262 0.704193 0.629993 0.565686 0.634199 0.560154 0.666258 0.521462 0.629846 0.540067 0.604188 0.610773 0.538348 0.600218 0.646874 0.661495 0.611404 0.676027 0.684174 0.525780 0.645298 0.704911 0.685439 0.661822 0.692380 0.516676 0.511066 0.593982 0.653773 0.505535 0.504920 0.514709 0.510302 0.590678 0.539634 0.538167 0.660048 0.648297 0.526334 0.524538 0.543800 0.540065 0.508338 0.510102 0.541075 0.544633 0.561091
0.563510 0.644183 0.660745 0.615505 0.672745 0.658060 0.529348 0.652904 0.664510 0.676710 0.665580 0.684842 0.511703 0.515491 0.609895 0.635471 0.610148 0.566759 0.619314 0.625450 0.513415 0.623257 0.688523 0.619360 0.560149 0.623185 0.555081 0.652992 0.519642 0.619162 0.536657 0.595508 0.601556 0.535100 0.591837 0.634916 0.648579 0.602111 0.662129 0.669705 0.523602 0.633495 0.689176 0.670900 0.648883 0.677419 0.515248 0.510115 0.586096 0.641351 0.505067 0.504507 0.513458 0.509433 0.583066 0.536274 0.534922 0.647200 0.636270 0.524116 0.522456 0.540065 0.536680 0.507632 0.509244 0.537592 0.540834 0.555960
0.513274 0.530799 0.534556 0.524421 0.537358 0.533938 0.506113 0.532788 0.535438 0.538294 0.535678 0.540230 0.502433 0.503221 0.523194 0.528830 0.523247 0.513937 0.525264 0.526597 0.502789 0.526109 0.541105 0.525273 0.512566 0.526096 0.511495 0.532787 0.504085 0.525218 0.507634 0.520077 0.521383 0.507312 0.519313 0.528728 0.531773 0.521502 0.534889 0.536636 0.504911 0.528398 0.541267 0.536914 0.531840 0.538459 0.503164 0.502106 0.518059 0.530142 0.501054 0.500937 0.502793 0.501960 0.517421 0.507561 0.507279 0.531498 0.529020 0.505025 0.504676 0.508338 0.507632 0.501589 0.501925 0.507836 0.508519 0.511681
0.516092 0.537290 0.541864 0.529596 0.545247 0.541115 0.507409 0.539720 0.542931 0.546372 0.543207 0.548713 0.502954 0.503912 0.528106 0.534924 0.528166 0.516890 0.530620 0.532233 0.503379 0.531633 0.549764 0.530636 0.515225 0.531624 0.513928 0.539715 0.504951 0.530553 0.509247 0.524310 0.525898 0.508857 0.523400 0.534813 0.538495 0.526055 0.542263 0.544370 0.505950 0.534389 0.549956 0.544696 0.538557 0.546570 0.503831 0.502558 0.521878 0.536510 0.501276 0.501137 0.503379 0.502373 0.521121 0.509161 0.508821 0.538173 0.535166 0.506098 0.505672 0.510102 0.509244 0.501925 0.502335 0.509505 0.510333 0.514151
