0.602828 0.584027 0.620210 0.532735 0.645234 0.447940 0.403768 0.766467 0.824143 0.528554 0.775578 0.764325 0.599324 0.570786 0.530184 0.589827 0.731807 0.508528 0.493673 0.447871 0.553709 0.635263 0.454211 0.679383 0.456171 0.705359 0.575108 0.530646 0.511435 0.641754 0.450437 0.566232 0.641665 0.921905 0.811257 0.553278 0.603477 0.423835 0.611517 0.288424 0.424152 0.391411 0.514661 0.494352 0.695818 0.508804 0.546464 0.632782 0.540179 0.539327 0.482252 0.499636 0.581134 0.560125 0.562759 0.612374 0.560356 0.571828 0.761806 0.539890 0.522774 0.514621 0.541799 0.504063 0.443172 0.564373 0.547614 0.546453
0.584027 0.716803 0.858182 0.657356 0.868616 0.857111 0.589044 0.769199 0.828915 0.785070 0.886205 0.844350 0.666817 0.611615 0.834455 0.832300 0.845002 0.598109 0.687924 0.855252 0.474980 0.634700 0.713595 0.571085 0.484098 0.697607 0.612480 0.977810 0.638368 0.704972 0.452858 0.672556 0.681773 0.467813 0.685910 1.168524 0.800827 0.644178 0.844940 0.797860 0.611445 0.645151 0.820712 0.741042 0.854393 0.876416 0.607810 0.617562 0.804375 0.882290 0.513750 0.539138 0.528417 0.538163 0.756728 0.681714 0.703152 0.938773 0.910389 0.626308 0.618094 0.533714 0.665306 0.543153 0.504867 0.625599 0.740712 0.770149
0.620210 0.858182 0.717438 0.579424 1.204311 0.754672 0.596400 0.638809 0.927874 0.853854 0.882934 0.846685 0.702926 0.572778 0.827704 0.820992 0.782330 0.578400 0.603535 0.771005 0.495235 0.669674 0.643782 0.588983 0.587346 0.811024 0.504052 0.890547 0.649062 0.708362 0.529319 0.851452 0.533210 0.636766 0.548869 0.807650 1.251603 0.493382 1.093480 0.697305 0.553979 0.430284 0.743335 0.745530 0.850969 0.756027 0.607089 0.572124 0.842815 0.861535 0.457116 0.478779 0.622451 0.674832 0.804200 0.551105 0.596725 0.793333 0.843998 0.609666 0.642226 0.737824 0.794093 0.443791 0.525954 0.639760 0.683030 0.769602
0.532735 0.657356 0.579424 0.585004 0.540451 0.880326 0.645406 0.805846 0.648044 0.589836 0.576434 0.735788 0.575124 0.472167 0.529333 0.606532 0.532000 0.553220 0.570728 0.676926 0.468886 0.481259 0.635629 0.545019 0.627893 0.460259 0.534138 0.640268 0.470081 0.591949 0.502127 0.573071 0.597511 0.452442 0.563914 0.640434 0.549211 0.770954 0.548622 0.730851 0.556648 0.710157 0.596333 0.511009 0.508119 0.592550 0.503964 0.532872 0.507856 0.625792 0.585740 0.540927 0.456351 0.436452 0.605590 0.553589 0.578128 0.632794 0.607735 0.537985 0.574170 0.501787 0.513669 0.498946 0.464249 0.490508 0.470990 0.596214
0.645234 0.868616 1.204311 0.540451 0.719532 0.607421 0.495513 0.746022 0.869837 1.016184 0.807812 1.004110 0.608938 0.563700 0.800281 0.882669 0.756096 0.616205 0.642386 0.786950 0.495810 0.780040 0.569559 0.597806 0.431664 0.902148 0.524054 0.920120 0.531709 0.516522 0.507877 0.857291 0.766715 0.557083 0.748126 0.827309 1.147850 0.536988 1.210132 0.571846 0.486769 0.506324 0.746193 0.936529 0.798809 0.981810 0.491448 0.522590 0.834387 0.966652 0.448952 0.510546 0.605252 0.610982 0.780394 0.576173 0.626715 0.852941 0.874525 0.592247 0.593345 0.632245 0.678562 0.467806 0.495252 0.679937 0.724048 0.769410
0.447940 0.857111 0.754672 0.880326 0.607421 0.679375 0.779240 0.827231 0.889659 0.632756 0.759065 0.742653 0.728084 0.593767 0.618717 0.617467 0.630078 0.553421 0.690878 0.749450 0.460881 0.536837 0.945675 0.590934 0.798629 0.446958 0.609248 0.796676 0.703457 0.914722 0.628408 0.542699 0.429941 0.488748 0.427249 0.846066 0.656545 0.710996 0.564592 1.134206 0.682541 0.666447 0.767485 0.510394 0.691937 0.529325 0.700029 0.593912 0.610961 0.651010 0.577128 0.510408 0.516756 0.535834 0.717732 0.606173 0.602667 0.809249 0.846803 0.642499 0.607750 0.682300 0.774295 0.510566 0.523054 0.537821 0.550208 0.722983
0.403768 0.589044 0.596400 0.645406 0.495513 0.779240 0.555919 0.513143 0.684862 0.401504 0.556916 0.468924 0.614834 0.493484 0.583144 0.541634 0.540934 0.529189 0.475017 0.475013 0.509739 0.390889 0.600312 0.434674 0.649509 0.394828 0.566221 0.506649 0.693224 0.690256 0.575582 0.538903 0.300610 0.470940 0.340282 0.580034 0.557670 0.531553 0.441094 0.738724 0.686513 0.473120 0.605069 0.342046 0.597630 0.365759 0.649803 0.583825 0.578918 0.517191 0.548589 0.528041 0.521481 0.554612 0.585196 0.535792 0.570715 0.518869 0.577933 0.552194 0.612606 0.620311 0.668782 0.461611 0.538643 0.516470 0.492730 0.610320
0.766467 0.769199 0.638809 0.805846 0.746022 0.827231 0.513143 0.669162 0.896130 0.856712 0.653735 1.066830 0.515416 0.522741 0.612612 0.747895 0.664664 0.550987 0.803404 0.691442 0.453822 0.659905 0.769388 0.716754 0.383063 0.661496 0.553584 0.823352 0.421022 0.606918 0.424625 0.622205 0.805305 0.517179 0.775390 0.756829 0.596077 0.715340 0.778605 0.669769 0.538430 0.904011 0.789308 0.791383 0.592334 0.807134 0.407843 0.495414 0.589130 0.698014 0.508271 0.500452 0.529525 0.505875 0.672303 0.661598 0.653403 0.821353 0.915981 0.525062 0.499940 0.499723 0.512299 0.503291 0.457694 0.593111 0.550909 0.644818
0.824143 0.828915 0.927874 0.648044 0.869837 0.889659 0.684862 0.896130 0.713236 0.616408 0.856304 0.831341 0.770425 0.569844 0.738579 0.734822 0.783861 0.539709 0.606216 0.630968 0.557555 0.623208 0.656500 0.590194 0.624091 0.729052 0.567648 0.763181 0.777116 0.914227 0.497590 0.640451 0.454484 0.776396 0.612037 0.828194 0.845723 0.481901 0.788031 0.707614 0.602521 0.479383 0.881477 0.529837 0.824728 0.548992 0.715912 0.698171 0.728657 0.697888 0.471141 0.493293 0.556039 0.593668 0.762981 0.680281 0.643341 0.745585 0.950719 0.602026 0.618539 0.708280 0.816616 0.491824 0.514326 0.626538 0.611837 0.732495
0.528554 0.785070 0.853854 0.589836 1.016184 0.632756 0.401504 0.856712 0.616408 0.672979 0.633119 1.105699 0.459203 0.519055 0.609660 0.769616 0.573330 0.688011 0.810684 0.781866 0.476694 0.935839 0.733273 0.820401 0.319389 0.863117 0.523204 0.931936 0.331293 0.330329 0.547675 0.714190 0.970615 0.411804 0.847914 0.723328 0.793035 0.654405 1.052773 0.583989 0.387067 0.728944 0.629271 1.298120 0.544685 1.131733 0.345154 0.455064 0.643806 0.828710 0.494320 0.536385 0.577537 0.573421 0.703071 0.522745 0.524160 0.880903 0.842204 0.506628 0.513129 0.565229 0.530299 0.550158 0.489897 0.545801 0.668925 0.672111
0.775578 0.886205 0.882934 0.576434 0.807812 0.759065 0.556916 0.653735 0.856304 0.633119 0.702333 0.767718 0.761017 0.653547 0.941309 0.782881 1.028658 0.538473 0.595755 0.732799 0.488613 0.648051 0.626358 0.584818 0.552014 0.772604 0.625415 0.826573 0.641262 0.829191 0.497508 0.711166 0.602145 0.683617 0.674339 0.816002 0.881476 0.515850 0.799220 0.663986 0.547164 0.500880 0.704308 0.569116 1.101888 0.661246 0.676740 0.703242 0.882162 0.839342 0.468128 0.519321 0.587582 0.601203 0.678015 0.570354 0.557037 0.820442 0.840222 0.658134 0.603919 0.616057 0.728883 0.450672 0.444629 0.584215 0.638826 0.674563
0.764325 0.844350 0.846685 0.735788 1.004110 0.742653 0.468924 1.066830 0.831341 1.105699 0.767718 0.705750 0.532697 0.556961 0.707175 0.841315 0.659982 0.637781 0.803163 0.758124 0.429234 0.770482 0.769640 0.818228 0.336285 0.740841 0.525420 0.897144 0.366632 0.507007 0.464206 0.681174 0.944981 0.563751 0.863402 0.792287 0.768503 0.695594 0.960299 0.625723 0.430249 0.821077 0.731486 0.999028 0.650338 1.078910 0.388185 0.509815 0.671498 0.838977 0.489712 0.499483 0.560680 0.529217 0.746723 0.609264 0.595402 0.903468 0.962801 0.516599 0.508519 0.535309 0.533622 0.525230 0.487972 0.557796 0.651406 0.723613
0.599324 0.666817 0.702926 0.575124 0.608938 0.728084 0.614834 0.515416 0.770425 0.459203 0.761017 0.532697 0.596963 0.610591 0.654535 0.536493 0.650987 0.480034 0.500870 0.590179 0.493599 0.511500 0.551608 0.481046 0.677672 0.608825 0.567859 0.590889 0.675036 0.748193 0.507165 0.585479 0.368181 0.572836 0.437095 0.674828 0.677461 0.465339 0.582431 0.656619 0.576158 0.431869 0.660448 0.438013 0.733622 0.439347 0.750019 0.596462 0.619130 0.554608 0.464750 0.456763 0.494819 0.529876 0.555899 0.532345 0.539237 0.619239 0.703396 0.592442 0.587527 0.596454 0.690073 0.484318 0.475823 0.558944 0.555624 0.578040
0.570786 0.611615 0.572778 0.472167 0.563700 0.593767 0.493484 0.522741 0.569844 0.519055 0.653547 0.556961 0.610591 0.562384 0.543801 0.579023 0.579258 0.532216 0.525506 0.528056 0.507862 0.528580 0.540118 0.518698 0.558028 0.549339 0.491228 0.590355 0.601092 0.618594 0.536026 0.574565 0.508075 0.542947 0.541453 0.612781 0.570071 0.518372 0.560624 0.597087 0.522793 0.504421 0.555044 0.529907 0.579443 0.525779 0.539232 0.542225 0.552953 0.560930 0.493602 0.441258 0.541610 0.553171 0.560630 0.583130 0.545886 0.574278 0.575439 0.516207 0.511241 0.488980 0.581091 0.492985 0.534694 0.493661 0.480352 0.584998
0.530184 0.834455 0.827704 0.529333 0.800281 0.618717 0.583144 0.612612 0.738579 0.609660 0.941309 0.707175 0.654535 0.543801 0.639019 0.773432 0.792540 0.516411 0.586037 0.640989 0.473347 0.552201 0.549917 0.460620 0.496973 0.634728 0.486644 0.730542 0.568345 0.613321 0.496580 0.658937 0.540864 0.547609 0.511007 0.793982 0.836715 0.526967 0.789607 0.634842 0.548005 0.505883 0.681984 0.577795 0.885045 0.691330 0.549043 0.647982 0.872857 0.808715 0.488913 0.499522 0.548811 0.559450 0.712151 0.560023 0.581075 0.723698 0.771176 0.577449 0.552290 0.574632 0.654115 0.453730 0.471080 0.621768 0.690605 0.671544
0.589827 0.832300 0.820992 0.606532 0.882669 0.617467 0.541634 0.747895 0.734822 0.769616 0.782881 0.841315 0.536493 0.579023 0.773432 0.650665 0.691038 0.615060 0.602742 0.718187 0.486829 0.630690 0.560097 0.563774 0.414294 0.661342 0.565134 0.833960 0.488032 0.436572 0.491459 0.680195 0.743614 0.447455 0.704966 0.793646 0.808879 0.608155 0.877637 0.604737 0.579656 0.631571 0.691674 0.765688 0.730150 0.902026 0.435354 0.530728 0.763048 0.895986 0.445172 0.475230 0.573789 0.543269 0.690918 0.563353 0.589288 0.720049 0.702548 0.521703 0.574347 0.540133 0.565893 0.485396 0.457754 0.628732 0.696869 0.668099
0.731807 0.845002 0.782330 0.532000 0.756096 0.630078 0.540934 0.664664 0.783861 0.573330 1.028658 0.659982 0.650987 0.579258 0.792540 0.691038 0.673115 0.532505 0.587485 0.678088 0.506112 0.651680 0.617329 0.598891 0.449628 0.823148 0.687801 0.786018 0.634020 0.904226 0.431474 0.693544 0.665891 0.617081 0.825516 0.787342 0.809044 0.557894 0.764645 0.642778 0.614355 0.502908 0.751360 0.537662 1.176487 0.645017 0.656206 0.679957 0.797881 0.788145 0.424376 0.550276 0.556959 0.586170 0.686285 0.552393 0.603352 0.832431 0.766963 0.636107 0.535373 0.484623 0.620678 0.481476 0.494286 0.580922 0.640598 0.589027
0.508528 0.598109 0.578400 0.553220 0.616205 0.553421 0.529189 0.550987 0.539709 0.688011 0.538473 0.637781 0.480034 0.532216 0.516411 0.615060 0.532505 0.554207 0.504238 0.602360 0.449862 0.568192 0.498124 0.566001 0.451546 0.563875 0.492790 0.621701 0.487080 0.417172 0.528701 0.575231 0.637419 0.452018 0.623399 0.591611 0.589181 0.555072 0.645097 0.528167 0.494919 0.525605 0.564570 0.658495 0.522515 0.682064 0.486434 0.514468 0.568953 0.639026 0.528912 0.555532 0.424271 0.483858 0.552540 0.469745 0.482507 0.604333 0.539250 0.558893 0.550330 0.538851 0.462998 0.500223 0.500429 0.588534 0.576920 0.527313
0.493673 0.687924 0.603535 0.570728 0.642386 0.690878 0.475017 0.803404 0.606216 0.810684 0.595755 0.803163 0.500870 0.525506 0.586037 0.602742 0.587485 0.504238 0.641607 0.604197 0.508227 0.679370 1.175373 0.787786 0.518584 0.581506 0.594645 0.689772 0.491474 0.732962 0.517520 0.578946 0.835538 0.710355 0.681186 0.694264 0.595975 0.690713 0.692254 0.858235 0.485009 1.093824 0.906720 0.867754 0.546170 0.763157 0.510342 0.462994 0.534708 0.583293 0.539918 0.492323 0.538695 0.469702 0.667035 0.551557 0.652463 0.999799 0.746517 0.531838 0.580110 0.561619 0.574828 0.517950 0.528963 0.506565 0.541411 0.564828
0.447871 0.855252 0.771005 0.676926 0.786950 0.749450 0.475013 0.691442 0.630968 0.781866 0.732799 0.758124 0.590179 0.528056 0.640989 0.718187 0.678088 0.602360 0.604197 0.641348 0.422231 0.627209 0.614959 0.463660 0.487443 0.795811 0.512864 1.037051 0.398327 0.493256 0.488934 0.743849 0.756483 0.355345 0.710908 0.885561 0.801514 0.685669 0.861784 0.681508 0.500793 0.709293 0.670529 0.802050 0.678317 0.789102 0.428627 0.510903 0.724658 0.853828 0.456438 0.527012 0.509513 0.499728 0.670265 0.534034 0.517084 0.801674 0.699428 0.537280 0.533313 0.509392 0.549499 0.473783 0.454440 0.559518 0.600413 0.664129
0.553709 0.474980 0.495235 0.468886 0.495810 0.460881 0.509739 0.453822 0.557555 0.476694 0.488613 0.429234 0.493599 0.507862 0.473347 0.486829 0.506112 0.449862 0.508227 0.422231 0.507604 0.528259 0.487147 0.525161 0.502992 0.465497 0.539613 0.448446 0.522332 0.549621 0.611275 0.444941 0.416577 0.548054 0.442215 0.472230 0.507349 0.438872 0.479358 0.446505 0.489020 0.417489 0.482117 0.467867 0.492487 0.450938 0.582071 0.524618 0.460109 0.445001 0.487880 0.466182 0.486860 0.548322 0.475633 0.502243 0.466203 0.448497 0.493693 0.547114 0.540198 0.514478 0.576440 0.506177 0.493147 0.474516 0.485528 0.555839
0.635263 0.634700 0.669674 0.481259 0.780040 0.536837 0.390889 0.659905 0.623208 0.935839 0.648051 0.770482 0.511500 0.528580 0.552201 0.630690 0.651680 0.568192 0.679370 0.627209 0.528259 0.634707 0.689604 0.841308 0.454798 0.999370 0.585360 0.790285 0.507811 0.525806 0.611328 0.608006 0.748747 0.634951 0.817716 0.634571 0.672880 0.534300 0.791096 0.528298 0.377094 0.529475 0.570489 0.961207 0.633847 0.767046 0.480118 0.550193 0.609043 0.686528 0.505350 0.542801 0.564606 0.583088 0.575342 0.470604 0.486884 0.711191 0.712115 0.515979 0.521067 0.562032 0.615802 0.498799 0.507798 0.525437 0.608130 0.651708
0.454211 0.713595 0.643782 0.635629 0.569559 0.945675 0.600312 0.769388 0.656500 0.733273 0.626358 0.769640 0.551608 0.540118 0.549917 0.560097 0.617329 0.498124 1.175373 0.614959 0.487147 0.689604 0.667111 0.860648 0.706435 0.553049 0.629730 0.725353 0.662063 0.971755 0.646979 0.577322 0.677676 0.744606 0.580533 0.720448 0.606171 0.725906 0.577794 1.118208 0.565150 1.058034 0.910339 0.778147 0.615531 0.654148 0.651174 0.505845 0.506459 0.524933 0.573904 0.525264 0.554052 0.526880 0.688393 0.569318 0.609817 1.005542 0.762697 0.539128 0.603193 0.649353 0.714503 0.532326 0.537708 0.468121 0.490370 0.617665
0.679383 0.571085 0.588983 0.545019 0.597806 0.590934 0.434674 0.716754 0.590194 0.820401 0.584818 0.818228 0.481046 0.518698 0.460620 0.563774 0.598891 0.566001 0.787786 0.463660 0.525161 0.841308 0.860648 0.611001 0.502311 0.619371 0.532557 0.591951 0.551772 0.713631 0.538059 0.527999 0.718915 0.781317 0.772734 0.564616 0.545124 0.627376 0.598254 0.616422 0.466782 0.729709 0.630361 0.806006 0.581021 0.725965 0.516942 0.531086 0.487044 0.567765 0.569352 0.535097 0.607581 0.571096 0.505167 0.500181 0.516514 0.763359 0.678906 0.534152 0.535325 0.534575 0.569411 0.528894 0.526860 0.448656 0.553346 0.588078
0.456171 0.484098 0.587346 0.627893 0.431664 0.798629 0.649509 0.383063 0.624091 0.319389 0.552014 0.336285 0.677672 0.558028 0.496973 0.414294 0.449628 0.451546 0.518584 0.487443 0.502992 0.454798 0.706435 0.502311 0.533926 0.401299 0.593593 0.444855 0.718136 0.803822 0.682391 0.528780 0.252541 0.673345 0.328856 0.487130 0.529133 0.574320 0.335267 0.844377 0.545985 0.477394 0.578032 0.268358 0.523330 0.271265 0.736641 0.576758 0.472649 0.398898 0.582645 0.500870 0.514946 0.524682 0.561289 0.459754 0.449556 0.492533 0.460408 0.535608 0.601735 0.690055 0.715732 0.491712 0.498961 0.470439 0.390130 0.485443
0.705359 0.697607 0.811024 0.460259 0.902148 0.446958 0.394828 0.661496 0.729052 0.863117 0.772604 0.740841 0.608825 0.549339 0.634728 0.661342 0.823148 0.563875 0.581506 0.795811 0.465497 0.999370 0.553049 0.619371 0.401299 0.661881 0.602750 0.879875 0.446705 0.601297 0.454337 0.714635 0.750551 0.626825 0.875351 0.678303 0.796335 0.494941 0.943798 0.432894 0.447233 0.550512 0.720396 0.946129 0.777104 0.704951 0.513352 0.574366 0.707525 0.774301 0.464768 0.535641 0.549482 0.561704 0.647609 0.563309 0.577640 0.770725 0.773199 0.491400 0.513356 0.561951 0.577704 0.474852 0.512913 0.604993 0.659781 0.633954
0.575108 0.612480 0.504052 0.534138 0.524054 0.609248 0.566221 0.553584 0.567648 0.523204 0.625415 0.525420 0.567859 0.491228 0.486644 0.565134 0.687801 0.492790 0.594645 0.512864 0.539613 0.585360 0.629730 0.532557 0.593593 0.602750 0.569239 0.576840 0.667178 0.697437 0.481325 0.496403 0.563519 0.582664 0.632427 0.560242 0.480588 0.540226 0.488696 0.644266 0.578873 0.560026 0.641973 0.503541 0.675694 0.539356 0.656821 0.598670 0.525987 0.576601 0.483305 0.551148 0.500366 0.542839 0.555655 0.534611 0.519509 0.629348 0.554740 0.594563 0.593859 0.541480 0.595109 0.432547 0.509715 0.522392 0.486916 0.512747
0.530646 0.977810 0.890547 0.640268 0.920120 0.796676 0.506649 0.823352 0.763181 0.931936 0.826573 0.897144 0.590889 0.590355 0.730542 0.833960 0.786018 0.621701 0.689772 1.037051 0.448446 0.790285 0.725353 0.591951 0.444855 0.879875 0.576840 0.709929 0.466904 0.594766 0.554913 0.727783 0.853999 0.454492 0.818041 0.975612 0.876349 0.678941 0.990539 0.730504 0.489619 0.713068 0.746761 0.942237 0.759264 0.916735 0.507599 0.533514 0.765066 0.887275 0.436343 0.477216 0.575186 0.564201 0.755143 0.574900 0.564713 0.863011 0.811087 0.584019 0.565932 0.551883 0.629957 0.497977 0.447466 0.602712 0.672476 0.717189
0.511435 0.638368 0.649062 0.470081 0.531709 0.703457 0.693224 0.421022 0.777116 0.331293 0.641262 0.366632 0.675036 0.601092 0.568345 0.488032 0.634020 0.487080 0.491474 0.398327 0.522332 0.507811 0.662063 0.551772 0.718136 0.446705 0.667178 0.466904 0.577345 0.928774 0.597992 0.530845 0.236581 0.685267 0.342615 0.617511 0.601934 0.459405 0.419483 0.755703 0.631145 0.392542 0.689685 0.285145 0.694882 0.315916 0.833967 0.718466 0.569367 0.480209 0.530527 0.530863 0.549766 0.625606 0.587046 0.502147 0.529290 0.570330 0.599190 0.551701 0.576956 0.647523 0.771854 0.485899 0.551045 0.530956 0.482669 0.565505
0.641754 0.704972 0.708362 0.591949 0.516522 0.914722 0.690256 0.606918 0.914227 0.330329 0.829191 0.507007 0.748193 0.618594 0.613321 0.436572 0.904226 0.417172 0.732962 0.493256 0.549621 0.525806 0.971755 0.713631 0.803822 0.601297 0.697437 0.594766 0.928774 0.656014 0.592439 0.509598 0.292252 0.923482 0.525641 0.701293 0.636966 0.553037 0.409612 0.961238 0.685243 0.618908 0.981524 0.255730 0.934844 0.247057 0.945073 0.754974 0.570893 0.436557 0.519569 0.529765 0.555667 0.563673 0.650868 0.543664 0.622115 0.817669 0.751935 0.648016 0.600807 0.644104 0.806686 0.467473 0.590751 0.487335 0.471327 0.608198
0.450437 0.452858 0.529319 0.502127 0.507877 0.628408 0.575582 0.424625 0.497590 0.547675 0.497508 0.464206 0.507165 0.536026 0.496580 0.491459 0.431474 0.528701 0.517520 0.488934 0.611275 0.611328 0.646979 0.538059 0.682391 0.454337 0.481325 0.554913 0.597992 0.592439 0.533170 0.501855 0.462478 0.519454 0.448977 0.490529 0.532161 0.556556 0.470719 0.679926 0.486145 0.465914 0.503542 0.559812 0.467059 0.472383 0.606010 0.555442 0.458971 0.504841 0.511348 0.471388 0.518235 0.554481 0.520740 0.446019 0.450299 0.471265 0.470904 0.500257 0.541861 0.615762 0.682077 0.497078 0.430994 0.513458 0.466948 0.542169
0.566232 0.672556 0.851452 0.573071 0.857291 0.542699 0.538903 0.622205 0.640451 0.714190 0.711166 0.681174 0.585479 0.574565 0.658937 0.680195 0.693544 0.575231 0.578946 0.743849 0.444941 0.608006 0.577322 0.527999 0.528780 0.714635 0.496403 0.727783 0.530845 0.509598 0.501855 0.625810 0.629936 0.493254 0.596532 0.636095 0.915687 0.589889 0.884430 0.585433 0.532156 0.521242 0.644023 0.758525 0.708385 0.684388 0.531086 0.533851 0.655236 0.726630 0.455163 0.593660 0.517196 0.580088 0.684595 0.565634 0.559529 0.722897 0.643906 0.530054 0.549858 0.591959 0.593551 0.428484 0.492315 0.564382 0.593632 0.590787
0.641665 0.681773 0.533210 0.597511 0.766715 0.429941 0.300610 0.805305 0.454484 0.970615 0.602145 0.944981 0.368181 0.508075 0.540864 0.743614 0.665891 0.637419 0.835538 0.756483 0.416577 0.748747 0.677676 0.718915 0.252541 0.750551 0.563519 0.853999 0.236581 0.292252 0.462478 0.629936 0.606707 0.489652 1.176233 0.664996 0.580570 0.745288 0.894644 0.471611 0.354412 0.898955 0.641749 1.020400 0.537508 1.141120 0.268232 0.465061 0.562469 0.876059 0.481065 0.561342 0.504008 0.464909 0.597909 0.530166 0.551217 0.795704 0.574069 0.444967 0.453207 0.418553 0.354245 0.569080 0.428451 0.516461 0.621398 0.518650
0.921905 0.467813 0.636766 0.452442 0.557083 0.488748 0.470940 0.517179 0.776396 0.411804 0.683617 0.563751 0.572836 0.542947 0.547609 0.447455 0.617081 0.452018 0.710355 0.355345 0.548054 0.634951 0.744606 0.781317 0.673345 0.626825 0.582664 0.454492 0.685267 0.923482 0.519454 0.493254 0.489652 0.585240 0.731326 0.480779 0.585437 0.414417 0.496519 0.475143 0.402242 0.560578 0.660559 0.378155 0.643384 0.344503 0.707019 0.696190 0.477459 0.415805 0.542495 0.531098 0.581236 0.576643 0.559438 0.523376 0.523573 0.665389 0.625762 0.532274 0.569117 0.605587 0.670595 0.468925 0.481132 0.436687 0.483264 0.502632
0.811257 0.685910 0.548869 0.563914 0.748126 0.427249 0.340282 0.775390 0.612037 0.847914 0.674339 0.863402 0.437095 0.541453 0.511007 0.704966 0.825516 0.623399 0.681186 0.710908 0.442215 0.817716 0.580533 0.772734 0.328856 0.875351 0.632427 0.818041 0.342615 0.525641 0.448977 0.596532 1.176233 0.731326 0.624988 0.675159 0.551379 0.672631 0.811931 0.435734 0.398800 0.718930 0.652419 0.856412 0.663960 0.928725 0.386531 0.564154 0.552401 0.824138 0.481757 0.603788 0.523285 0.520764 0.607433 0.545489 0.549818 0.753665 0.580429 0.448666 0.469347 0.407299 0.383191 0.561214 0.462968 0.524019 0.618870 0.549157
0.553278 1.168524 0.807650 0.640434 0.827309 0.846066 0.580034 0.756829 0.828194 0.723328 0.816002 0.792287 0.674828 0.612781 0.793982 0.793646 0.787342 0.591611 0.694264 0.885561 0.472230 0.634571 0.720448 0.564616 0.487130 0.678303 0.560242 0.975612 0.617511 0.701293 0.490529 0.636095 0.664996 0.480779 0.675159 0.699555 0.760486 0.617655 0.802562 0.826637 0.564331 0.620484 0.800922 0.704462 0.792819 0.817576 0.608433 0.601805 0.764620 0.840215 0.468089 0.510287 0.515075 0.534154 0.729047 0.688363 0.679456 0.878853 0.830017 0.658445 0.583673 0.568295 0.684132 0.565400 0.470298 0.610148 0.712090 0.773817
0.603477 0.800827 1.251603 0.549211 1.147850 0.656545 0.557670 0.596077 0.845723 0.793035 0.881476 0.768503 0.677461 0.570071 0.836715 0.808879 0.809044 0.589181 0.595975 0.801514 0.507349 0.672880 0.606171 0.545124 0.529133 0.796335 0.480588 0.876349 0.601934 0.636966 0.532161 0.915687 0.580570 0.585437 0.551379 0.760486 0.697262 0.460001 1.181340 0.649792 0.517903 0.413725 0.725614 0.774933 0.858014 0.787021 0.555314 0.573891 0.880462 0.907898 0.493330 0.509972 0.606056 0.626980 0.771437 0.505640 0.581900 0.789052 0.787768 0.590393 0.607248 0.684122 0.726096 0.438250 0.485314 0.623372 0.668423 0.740652
0.423835 0.644178 0.493382 0.770954 0.536988 0.710996 0.531553 0.715340 0.481901 0.654405 0.515850 0.695594 0.465339 0.518372 0.526967 0.608155 0.557894 0.555072 0.690713 0.685669 0.438872 0.534300 0.725906 0.627376 0.574320 0.494941 0.540226 0.678941 0.459405 0.553037 0.556556 0.589889 0.745288 0.414417 0.672631 0.617655 0.460001 0.572009 0.530197 0.760055 0.539635 0.856379 0.671445 0.640938 0.474268 0.702348 0.466501 0.492913 0.534642 0.632331 0.475693 0.568565 0.477604 0.447575 0.622378 0.501936 0.527466 0.704402 0.520667 0.488033 0.491801 0.463678 0.450153 0.511363 0.489895 0.530496 0.515657 0.542883
0.611517 0.844940 1.093480 0.548622 1.210132 0.564592 0.441094 0.778605 0.788031 1.052773 0.799220 0.960299 0.582431 0.560624 0.789607 0.877637 0.764645 0.645097 0.692254 0.861784 0.479358 0.791096 0.577794 0.598254 0.335267 0.943798 0.488696 0.990539 0.419483 0.409612 0.470719 0.884430 0.894644 0.496519 0.811931 0.802562 1.181340 0.530197 0.708369 0.529643 0.428939 0.562015 0.755661 1.066582 0.749433 1.084506 0.410151 0.497166 0.834001 0.988666 0.456211 0.498844 0.581490 0.612592 0.798836 0.554942 0.609681 0.872172 0.817409 0.552165 0.580882 0.601109 0.590863 0.506096 0.511687 0.622798 0.730520 0.746360
0.288424 0.797860 0.697305 0.730851 0.571846 1.134206 0.738724 0.669769 0.707614 0.583989 0.663986 0.625723 0.656619 0.597087 0.634842 0.604737 0.642778 0.528167 0.858235 0.681508 0.446505 0.528298 1.118208 0.616422 0.844377 0.432894 0.644266 0.730504 0.755703 0.961238 0.679926 0.585433 0.471611 0.475143 0.435734 0.826637 0.649792 0.760055 0.529643 0.657177 0.665370 0.800249 0.840764 0.547225 0.703108 0.562519 0.737700 0.585827 0.595466 0.615722 0.579340 0.523963 0.530280 0.550546 0.726483 0.567003 0.623767 0.851330 0.669284 0.619086 0.642865 0.679244 0.768670 0.505194 0.550170 0.502453 0.546072 0.665714
0.424152 0.611445 0.553979 0.556648 0.486769 0.682541 0.686513 0.538430 0.602521 0.387067 0.547164 0.430249 0.576158 0.522793 0.548005 0.579656 0.614355 0.494919 0.485009 0.500793 0.489020 0.377094 0.565150 0.466782 0.545985 0.447233 0.578873 0.489619 0.631145 0.685243 0.486145 0.532156 0.354412 0.402242 0.398800 0.564331 0.517903 0.539635 0.428939 0.665370 0.535664 0.523571 0.637737 0.372524 0.594134 0.413766 0.545558 0.547902 0.579432 0.482908 0.464733 0.541371 0.505282 0.537090 0.530238 0.537398 0.562160 0.502393 0.568859 0.590578 0.525407 0.569730 0.572457 0.464469 0.522273 0.477202 0.483518 0.512474
0.391411 0.645151 0.430284 0.710157 0.506324 0.666447 0.473120 0.904011 0.479383 0.728944 0.500880 0.821077 0.431869 0.504421 0.505883 0.631571 0.502908 0.525605 1.093824 0.709293 0.417489 0.529475 1.058034 0.729709 0.477394 0.550512 0.560026 0.713068 0.392542 0.618908 0.465914 0.521242 0.898955 0.560578 0.718930 0.620484 0.413725 0.856379 0.562015 0.800249 0.523571 0.595459 0.898978 0.800946 0.468453 0.819649 0.416771 0.401908 0.521961 0.610885 0.555715 0.537090 0.442762 0.424883 0.604847 0.588733 0.651747 0.949484 0.632035 0.463604 0.518344 0.424359 0.473977 0.527031 0.511915 0.478264 0.518623 0.535606
0.514661 0.820712 0.743335 0.596333 0.746193 0.767485 0.605069 0.789308 0.881477 0.629271 0.704308 0.731486 0.660448 0.555044 0.681984 0.691674 0.751360 0.564570 0.906720 0.670529 0.482117 0.570489 0.910339 0.630361 0.578032 0.720396 0.641973 0.746761 0.689685 0.981524 0.503542 0.644023 0.641749 0.660559 0.652419 0.800922 0.725614 0.671445 0.755661 0.840764 0.637737 0.898978 0.681700 0.651464 0.736136 0.674411 0.724183 0.575147 0.632375 0.668814 0.540793 0.516474 0.495531 0.495384 0.743601 0.619018 0.730643 0.956109 0.780600 0.578667 0.595749 0.587602 0.684889 0.463578 0.559684 0.604172 0.614561 0.647186
0.494352 0.741042 0.745530 0.511009 0.936529 0.510394 0.342046 0.791383 0.529837 1.298120 0.569116 0.999028 0.438013 0.529907 0.577795 0.765688 0.537662 0.658495 0.867754 0.802050 0.467867 0.961207 0.778147 0.806006 0.268358 0.946129 0.503541 0.942237 0.285145 0.255730 0.559812 0.758525 1.020400 0.378155 0.856412 0.704462 0.774933 0.640938 1.066582 0.547225 0.372524 0.800946 0.651464 0.652213 0.497070 1.150299 0.322286 0.427207 0.632739 0.815888 0.477955 0.514286 0.552398 0.551834 0.664430 0.532079 0.541948 0.887224 0.777641 0.462793 0.518036 0.518961 0.490326 0.548173 0.475768 0.525387 0.661347 0.667077
0.695818 0.854393 0.850969 0.508119 0.798809 0.691937 0.597630 0.592334 0.824728 0.544685 1.101888 0.650338 0.733622 0.579443 0.885045 0.730150 1.176487 0.522515 0.546170 0.678317 0.492487 0.633847 0.615531 0.581021 0.523330 0.777104 0.675694 0.759264 0.694882 0.934844 0.467059 0.708385 0.537508 0.643384 0.663960 0.792819 0.858014 0.474268 0.749433 0.703108 0.594134 0.468453 0.736136 0.497070 0.682463 0.614537 0.672108 0.727710 0.922294 0.828182 0.484951 0.531830 0.579921 0.616475 0.696988 0.557608 0.579883 0.830360 0.805082 0.652513 0.553934 0.566679 0.716843 0.470705 0.454902 0.594839 0.676887 0.650369
0.508804 0.876416 0.756027 0.592550 0.981810 0.529325 0.365759 0.807134 0.548992 1.131733 0.661246 1.078910 0.439347 0.525779 0.691330 0.902026 0.645017 0.682064 0.763157 0.789102 0.450938 0.767046 0.654148 0.725965 0.271265 0.704951 0.539356 0.916735 0.315916 0.247057 0.472383 0.684388 1.141120 0.344503 0.928725 0.817576 0.787021 0.702348 1.084506 0.562519 0.413766 0.819649 0.674411 1.150299 0.614537 0.655448 0.314746 0.430222 0.737210 1.022214 0.485114 0.538671 0.527444 0.504913 0.727567 0.563374 0.583741 0.856273 0.746634 0.521211 0.498166 0.497931 0.482255 0.576733 0.475330 0.565408 0.695678 0.640002
0.546464 0.607810 0.607089 0.503964 0.491448 0.700029 0.649803 0.407843 0.715912 0.345154 0.676740 0.388185 0.750019 0.539232 0.549043 0.435354 0.656206 0.486434 0.510342 0.428627 0.582071 0.480118 0.651174 0.516942 0.736641 0.513352 0.656821 0.507599 0.833967 0.945073 0.606010 0.531086 0.268232 0.707019 0.386531 0.608433 0.555314 0.466501 0.410151 0.737700 0.545558 0.416771 0.724183 0.322286 0.672108 0.314746 0.571360 0.668947 0.552315 0.434276 0.492186 0.491867 0.540748 0.546732 0.576192 0.527537 0.542153 0.606217 0.581474 0.604888 0.588470 0.583435 0.711828 0.436909 0.516656 0.485984 0.523198 0.525025
0.632782 0.617562 0.572124 0.532872 0.522590 0.593912 0.583825 0.495414 0.698171 0.455064 0.703242 0.509815 0.596462 0.542225 0.647982 0.530728 0.679957 0.514468 0.462994 0.510903 0.524618 0.550193 0.505845 0.531086 0.576758 0.574366 0.598670 0.533514 0.718466 0.754974 0.555442 0.533851 0.465061 0.696190 0.564154 0.601805 0.573891 0.492913 0.497166 0.585827 0.547902 0.401908 0.575147 0.427207 0.727710 0.430222 0.668947 0.574273 0.577720 0.551875 0.494151 0.510159 0.528207 0.569283 0.538451 0.482748 0.489258 0.557224 0.611934 0.501952 0.532898 0.565264 0.606364 0.452176 0.449943 0.492770 0.526748 0.541470
0.540179 0.804375 0.842815 0.507856 0.834387 0.610961 0.578918 0.589130 0.728657 0.643806 0.882162 0.671498 0.619130 0.552953 0.872857 0.763048 0.797881 0.568953 0.534708 0.724658 0.460109 0.609043 0.506459 0.487044 0.472649 0.707525 0.525987 0.765066 0.569367 0.570893 0.458971 0.655236 0.562469 0.477459 0.552401 0.764620 0.880462 0.534642 0.834001 0.595466 0.579432 0.521961 0.632375 0.632739 0.922294 0.737210 0.552315 0.577720 0.638633 0.846623 0.510635 0.514799 0.526832 0.598875 0.705569 0.568744 0.561932 0.730246 0.728229 0.626906 0.559374 0.541894 0.617619 0.471867 0.487066 0.590773 0.686722 0.674399
0.539327 0.882290 0.861535 0.625792 0.966652 0.651010 0.517191 0.698014 0.697888 0.828710 0.839342 0.838977 0.554608 0.560930 0.808715 0.895986 0.788145 0.639026 0.583293 0.853828 0.445001 0.686528 0.524933 0.567765 0.398898 0.774301 0.576601 0.887275 0.480209 0.436557 0.504841 0.726630 0.876059 0.415805 0.824138 0.840215 0.907898 0.632331 0.988666 0.615722 0.482908 0.610885 0.668814 0.815888 0.828182 1.022214 0.434276 0.551875 0.846623 0.673031 0.476828 0.547356 0.556231 0.505691 0.750415 0.570004 0.603784 0.802272 0.701816 0.619133 0.571825 0.549931 0.600527 0.499437 0.469008 0.653841 0.681422 0.694045
0.482252 0.513750 0.457116 0.585740 0.448952 0.577128 0.548589 0.508271 0.471141 0.494320 0.468128 0.489712 0.464750 0.493602 0.488913 0.445172 0.424376 0.528912 0.539918 0.456438 0.487880 0.505350 0.573904 0.569352 0.582645 0.464768 0.483305 0.436343 0.530527 0.519569 0.511348 0.455163 0.481065 0.542495 0.481757 0.468089 0.493330 0.475693 0.456211 0.579340 0.464733 0.555715 0.540793 0.477955 0.484951 0.485114 0.492186 0.494151 0.510635 0.476828 0.509860 0.503706 0.406441 0.483963 0.519172 0.514864 0.562579 0.542202 0.505393 0.495588 0.520343 0.497912 0.490947 0.505617 0.545123 0.463883 0.498814 0.538372
0.499636 0.539138 0.478779 0.540927 0.510546 0.510408 0.528041 0.500452 0.493293 0.536385 0.519321 0.499483 0.456763 0.441258 0.499522 0.475230 0.550276 0.555532 0.492323 0.527012 0.466182 0.542801 0.525264 0.535097 0.500870 0.535641 0.551148 0.477216 0.530863 0.529765 0.471388 0.593660 0.561342 0.531098 0.603788 0.510287 0.509972 0.568565 0.498844 0.523963 0.541371 0.537090 0.516474 0.514286 0.531830 0.538671 0.491867 0.510159 0.514799 0.547356 0.503706 0.527074 0.519962 0.515397 0.500192 0.501208 0.583483 0.565541 0.498395 0.539190 0.512786 0.517453 0.503714 0.452821 0.506317 0.514391 0.525639 0.502462
0.581134 0.528417 0.622451 0.456351 0.605252 0.516756 0.521481 0.529525 0.556039 0.577537 0.587582 0.560680 0.494819 0.541610 0.548811 0.573789 0.556959 0.424271 0.538695 0.509513 0.486860 0.564606 0.554052 0.607581 0.514946 0.549482 0.500366 0.575186 0.549766 0.555667 0.518235 0.517196 0.504008 0.581236 0.523285 0.515075 0.606056 0.477604 0.581490 0.530280 0.505282 0.442762 0.495531 0.552398 0.579921 0.527444 0.540748 0.528207 0.526832 0.556231 0.406441 0.519962 0.552818 0.527544 0.493531 0.468880 0.498245 0.578218 0.558254 0.542550 0.595577 0.591385 0.600817 0.531969 0.517038 0.513803 0.522647 0.600484
0.560125 0.538163 0.674832 0.436452 0.610982 0.535834 0.554612 0.505875 0.593668 0.573421 0.601203 0.529217 0.529876 0.553171 0.559450 0.543269 0.586170 0.483858 0.469702 0.499728 0.548322 0.583088 0.526880 0.571096 0.524682 0.561704 0.542839 0.564201 0.625606 0.563673 0.554481 0.580088 0.464909 0.576643 0.520764 0.534154 0.626980 0.447575 0.612592 0.550546 0.537090 0.424883 0.495384 0.551834 0.616475 0.504913 0.546732 0.569283 0.598875 0.505691 0.483963 0.515397 0.527544 0.552899 0.530763 0.518052 0.455268 0.516740 0.550419 0.540212 0.501441 0.570796 0.585429 0.466168 0.573853 0.490757 0.558953 0.558474
0.562759 0.756728 0.804200 0.605590 0.780394 0.717732 0.585196 0.672303 0.762981 0.703071 0.678015 0.746723 0.555899 0.560630 0.712151 0.690918 0.686285 0.552540 0.667035 0.670265 0.475633 0.575342 0.688393 0.505167 0.561289 0.647609 0.555655 0.755143 0.587046 0.650868 0.520740 0.684595 0.597909 0.559438 0.607433 0.729047 0.771437 0.622378 0.798836 0.726483 0.530238 0.604847 0.743601 0.664430 0.696988 0.727567 0.576192 0.538451 0.705569 0.750415 0.519172 0.500192 0.493531 0.530763 0.647082 0.630812 0.585849 0.787028 0.722523 0.588884 0.592537 0.576328 0.632219 0.510865 0.485710 0.618077 0.652959 0.632037
0.612374 0.681714 0.551105 0.553589 0.576173 0.606173 0.535792 0.661598 0.680281 0.522745 0.570354 0.609264 0.532345 0.583130 0.560023 0.563353 0.552393 0.469745 0.551557 0.534034 0.502243 0.470604 0.569318 0.500181 0.459754 0.563309 0.534611 0.574900 0.502147 0.543664 0.446019 0.565634 0.530166 0.523376 0.545489 0.688363 0.505640 0.501936 0.554942 0.567003 0.537398 0.588733 0.619018 0.532079 0.557608 0.563374 0.527537 0.482748 0.568744 0.570004 0.514864 0.501208 0.468880 0.518052 0.630812 0.571117 0.699320 0.659465 0.667514 0.586149 0.539818 0.534142 0.535561 0.479481 0.526713 0.531076 0.598641 0.614279
0.560356 0.703152 0.596725 0.578128 0.626715 0.602667 0.570715 0.653403 0.643341 0.524160 0.557037 0.595402 0.539237 0.545886 0.581075 0.589288 0.603352 0.482507 0.652463 0.517084 0.466203 0.486884 0.609817 0.516514 0.449556 0.577640 0.519509 0.564713 0.529290 0.622115 0.450299 0.559529 0.551217 0.523573 0.549818 0.679456 0.581900 0.527466 0.609681 0.623767 0.562160 0.651747 0.730643 0.541948 0.579883 0.583741 0.542153 0.489258 0.561932 0.603784 0.562579 0.583483 0.498245 0.455268 0.585849 0.699320 0.582584 0.751991 0.695452 0.553240 0.600387 0.571035 0.533506 0.524844 0.505087 0.587019 0.602473 0.579583
0.571828 0.938773 0.793333 0.632794 0.852941 0.809249 0.518869 0.821353 0.745585 0.880903 0.820442 0.903468 0.619239 0.574278 0.723698 0.720049 0.832431 0.604333 0.999799 0.801674 0.448497 0.711191 1.005542 0.763359 0.492533 0.770725 0.629348 0.863011 0.570330 0.817669 0.471265 0.722897 0.795704 0.665389 0.753665 0.878853 0.789052 0.704402 0.872172 0.851330 0.502393 0.949484 0.956109 0.887224 0.830360 0.856273 0.606217 0.557224 0.730246 0.802272 0.542202 0.565541 0.578218 0.516740 0.787028 0.659465 0.751991 0.723856 0.959717 0.609638 0.618492 0.546492 0.639824 0.514601 0.503093 0.555716 0.700739 0.706342
0.761806 0.910389 0.843998 0.607735 0.874525 0.846803 0.577933 0.915981 0.950719 0.842204 0.840222 0.962801 0.703396 0.575439 0.771176 0.702548 0.766963 0.539250 0.746517 0.699428 0.493693 0.712115 0.762697 0.678906 0.460408 0.773199 0.554740 0.811087 0.599190 0.751935 0.470904 0.643906 0.574069 0.625762 0.580429 0.830017 0.787768 0.520667 0.817409 0.669284 0.568859 0.632035 0.780600 0.777641 0.805082 0.746634 0.581474 0.611934 0.728229 0.701816 0.505393 0.498395 0.558254 0.550419 0.722523 0.667514 0.695452 0.959717 0.711356 0.592934 0.586892 0.594214 0.658330 0.550228 0.548748 0.605370 0.654453 0.721467
0.539890 0.626308 0.609666 0.537985 0.592247 0.642499 0.552194 0.525062 0.602026 0.506628 0.658134 0.516599 0.592442 0.516207 0.577449 0.521703 0.636107 0.558893 0.531838 0.537280 0.547114 0.515979 0.539128 0.534152 0.535608 0.491400 0.594563 0.584019 0.551701 0.648016 0.500257 0.530054 0.444967 0.532274 0.448666 0.658445 0.590393 0.488033 0.552165 0.619086 0.590578 0.463604 0.578667 0.462793 0.652513 0.521211 0.604888 0.501952 0.626906 0.619133 0.495588 0.539190 0.542550 0.540212 0.588884 0.586149 0.553240 0.609638 0.592934 0.568874 0.586165 0.541063 0.628815 0.447957 0.494367 0.481098 0.533541 0.581353
0.522774 0.618094 0.642226 0.574170 0.593345 0.607750 0.612606 0.499940 0.618539 0.513129 0.603919 0.508519 0.587527 0.511241 0.552290 0.574347 0.535373 0.550330 0.580110 0.533313 0.540198 0.521067 0.603193 0.535325 0.601735 0.513356 0.593859 0.565932 0.576956 0.600807 0.541861 0.549858 0.453207 0.569117 0.469347 0.583673 0.607248 0.491801 0.580882 0.642865 0.525407 0.518344 0.595749 0.518036 0.553934 0.498166 0.588470 0.532898 0.559374 0.571825 0.520343 0.512786 0.595577 0.501441 0.592537 0.539818 0.600387 0.618492 0.586892 0.586165 0.571407 0.609885 0.616310 0.486343 0.474565 0.571174 0.560082 0.602665
0.514621 0.533714 0.737824 0.501787 0.632245 0.682300 0.620311 0.499723 0.708280 0.565229 0.616057 0.535309 0.596454 0.488980 0.574632 0.540133 0.484623 0.538851 0.561619 0.509392 0.514478 0.562032 0.649353 0.534575 0.690055 0.561951 0.541480 0.551883 0.647523 0.644104 0.615762 0.591959 0.418553 0.605587 0.407299 0.568295 0.684122 0.463678 0.601109 0.679244 0.569730 0.424359 0.587602 0.518961 0.566679 0.497931 0.583435 0.565264 0.541894 0.549931 0.497912 0.517453 0.591385 0.570796 0.576328 0.534142 0.571035 0.546492 0.594214 0.541063 0.609885 0.583086 0.767606 0.451308 0.503327 0.546396 0.513394 0.645923
0.541799 0.665306 0.794093 0.513669 0.678562 0.774295 0.668782 0.512299 0.816616 0.530299 0.728883 0.533622 0.690073 0.581091 0.654115 0.565893 0.620678 0.462998 0.574828 0.549499 0.576440 0.615802 0.714503 0.569411 0.715732 0.577704 0.595109 0.629957 0.771854 0.806686 0.682077 0.593551 0.354245 0.670595 0.383191 0.684132 0.726096 0.450153 0.590863 0.768670 0.572457 0.473977 0.684889 0.490326 0.716843 0.482255 0.711828 0.606364 0.617619 0.600527 0.490947 0.503714 0.600817 0.585429 0.632219 0.535561 0.533506 0.639824 0.658330 0.628815 0.616310 0.767606 0.627507 0.469635 0.518843 0.534285 0.556738 0.695824
0.504063 0.543153 0.443791 0.498946 0.467806 0.510566 0.461611 0.503291 0.491824 0.550158 0.450672 0.525230 0.484318 0.492985 0.453730 0.485396 0.481476 0.500223 0.517950 0.473783 0.506177 0.498799 0.532326 0.528894 0.491712 0.474852 0.432547 0.497977 0.485899 0.467473 0.497078 0.428484 0.569080 0.468925 0.561214 0.565400 0.438250 0.511363 0.506096 0.505194 0.464469 0.527031 0.463578 0.548173 0.470705 0.576733 0.436909 0.452176 0.471867 0.499437 0.505617 0.452821 0.531969 0.466168 0.510865 0.479481 0.524844 0.514601 0.550228 0.447957 0.486343 0.451308 0.469635 0.506765 0.501811 0.497162 0.517343 0.468512
0.443172 0.504867 0.525954 0.464249 0.495252 0.523054 0.538643 0.457694 0.514326 0.489897 0.444629 0.487972 0.475823 0.534694 0.471080 0.457754 0.494286 0.500429 0.528963 0.454440 0.493147 0.507798 0.537708 0.526860 0.498961 0.512913 0.509715 0.447466 0.551045 0.590751 0.430994 0.492315 0.428451 0.481132 0.462968 0.470298 0.485314 0.489895 0.511687 0.550170 0.522273 0.511915 0.559684 0.475768 0.454902 0.475330 0.516656 0.449943 0.487066 0.469008 0.545123 0.506317 0.517038 0.573853 0.485710 0.526713 0.505087 0.503093 0.548748 0.494367 0.474565 0.503327 0.518843 0.501811 0.509636 0.501709 0.492109 0.509323
