0.738782 0.814705 0.824196 0.690851 0.881385 0.783940 0.650715 0.904424 0.992911 0.849051 0.820555 0.862298 0.687944 0.714223 0.782886 0.700538 0.860302 0.722603 0.610493 0.781750 0.562799 0.834722 0.662548 0.733359 0.633331 0.819912 0.719111 0.842620 0.592509 0.677847 0.613190 0.770723 0.739663 0.729097 0.786911 0.845771 0.905029 0.637449 0.875785 0.597310 0.563060 0.578860 0.712454 0.824357 0.868648 0.843252 0.580746 0.518181 0.715874 0.743818 0.520541 0.502584 0.556452 0.524167 0.613544 0.742631 0.645418 0.604250 0.795472 0.620882 0.599512 0.740887 0.679223 0.510407 0.443889 0.644364 0.714485 0.682037
0.814705 0.835174 0.899326 0.730025 0.899457 0.879076 0.740103 0.915940 0.853623 1.049589 0.874660 0.910955 0.675425 0.678477 0.976311 0.820197 0.939283 0.899163 0.908725 1.091336 0.498958 0.864456 0.891690 0.719439 0.784417 0.995101 0.806369 1.217612 0.551691 0.782321 0.717617 0.786161 0.922966 0.760760 0.877745 1.383461 0.954439 0.821980 0.993790 0.838821 0.744126 0.862969 0.916799 1.089136 0.892947 1.054838 0.803736 0.484127 0.864854 0.911385 0.603993 0.566547 0.507377 0.468848 0.767985 0.877321 0.840357 0.850714 0.942593 0.749681 0.641696 0.724213 0.662656 0.609763 0.576608 0.789902 0.831595 0.807317
0.824196 0.899326 0.830415 0.706690 1.285795 0.753841 0.609317 0.848893 0.881404 1.128482 1.218741 1.043714 0.581783 0.676892 1.071798 0.803794 0.994084 0.789251 0.684942 1.164163 0.524510 1.040865 0.751847 0.803289 0.779665 1.034961 0.822639 1.106271 0.661494 0.783909 0.753952 1.008258 0.827452 0.614415 0.693538 0.901338 1.355973 0.746548 1.286502 0.690311 0.662787 0.676263 0.823227 1.113862 1.208120 1.078136 0.669673 0.525801 1.011586 0.970414 0.564519 0.583069 0.616573 0.637087 0.548543 0.693213 0.609925 0.493525 0.699677 0.668044 0.623835 0.914103 0.905102 0.534095 0.472714 0.705726 0.736144 0.600718
0.690851 0.730025 0.706690 0.775180 0.745845 1.030035 0.846243 0.934363 0.954163 0.799539 0.797890 0.869534 0.711629 0.696423 0.840379 0.774328 0.850647 0.750343 0.967206 0.607364 0.622861 0.711539 1.003220 0.779860 0.819438 0.685725 0.844655 0.684266 0.645105 0.928895 0.595599 0.747991 0.787210 0.867198 0.827249 0.753201 0.806565 0.910772 0.776176 1.005074 0.770254 0.941283 0.991746 0.751686 0.831461 0.854635 0.763617 0.548416 0.748750 0.785377 0.561174 0.577327 0.485986 0.551489 0.815870 0.825892 0.769830 0.911070 0.961750 0.690738 0.664240 0.703478 0.746917 0.576180 0.508522 0.670955 0.724423 0.815024
0.881385 0.899457 1.285795 0.745845 0.854266 0.774221 0.618283 1.023694 0.972970 1.173717 1.152326 1.153483 0.553613 0.710017 1.031936 0.833880 0.982543 0.856062 0.763202 1.117251 0.545780 1.043620 0.800185 0.860352 0.737735 1.002906 0.836385 1.077365 0.617529 0.759934 0.715748 1.038966 0.950902 0.641301 0.833433 0.917183 1.271581 0.797222 1.321631 0.684673 0.654842 0.813382 0.906199 1.161108 1.174984 1.188079 0.644726 0.496143 0.979470 1.031379 0.552343 0.542100 0.611934 0.603259 0.634774 0.791518 0.682356 0.596129 0.759976 0.686462 0.617007 0.918141 0.890122 0.569314 0.467054 0.795196 0.808440 0.685068
0.783940 0.879076 0.753841 1.030035 0.774221 0.892438 1.028018 1.036579 1.115714 0.957056 0.874196 0.944610 0.885683 0.757269 0.899349 0.762453 1.022886 0.910036 1.134514 0.697270 0.642082 0.841726 1.222499 0.901182 1.043062 0.802897 0.949249 0.856387 0.757720 1.160700 0.646040 0.844595 0.857848 1.001260 0.952728 0.887867 0.888417 1.061595 0.853507 1.318187 0.952040 1.033810 1.210453 0.918011 0.905251 0.974291 0.879113 0.597197 0.811208 0.881037 0.601914 0.662311 0.467827 0.538234 0.899586 0.985590 0.940331 1.065467 1.173915 0.787385 0.709680 0.835259 0.862526 0.597743 0.555600 0.838820 0.874209 0.922579
0.650715 0.740103 0.609317 0.846243 0.618283 1.028018 0.750650 0.767122 0.961678 0.670054 0.714855 0.664414 0.796660 0.696017 0.750166 0.682168 0.828325 0.764731 0.887725 0.602713 0.580486 0.663191 0.931674 0.723039 0.840945 0.728828 0.801544 0.678384 0.712568 0.942688 0.592502 0.670425 0.741643 0.856822 0.785100 0.746384 0.707690 0.858782 0.682052 1.006627 0.902766 0.823059 0.995199 0.677836 0.760495 0.743845 0.831448 0.596094 0.724042 0.750399 0.577440 0.608759 0.482002 0.519097 0.815003 0.820004 0.775794 0.907000 0.968608 0.658586 0.645218 0.677866 0.740037 0.554363 0.585481 0.725631 0.690406 0.781732
0.904424 0.915940 0.848893 0.934363 1.023694 1.036579 0.767122 0.880426 1.159555 1.135745 0.853406 1.198904 0.725529 0.784919 0.910944 0.860402 0.960151 0.952955 1.091937 0.786103 0.604051 0.865407 1.105695 0.937459 0.749932 0.846188 0.916431 0.889125 0.571158 0.879866 0.596033 0.881747 1.051796 0.921206 1.051769 0.969768 0.986239 0.924525 1.036747 0.932602 0.711496 1.186089 1.123146 1.046220 0.939571 1.172798 0.773219 0.517875 0.854013 0.978305 0.580512 0.510662 0.489055 0.520237 0.841224 0.985870 0.881726 1.019560 1.132014 0.756612 0.693395 0.731834 0.743056 0.570907 0.468943 0.839583 0.862458 0.900884
0.992911 0.853623 0.881404 0.954163 0.972970 1.115714 0.961678 1.159555 0.891108 0.958179 0.915264 1.005509 0.807743 0.799699 0.935029 0.792808 1.066703 0.872911 1.002496 0.767520 0.635317 0.870646 1.075285 0.913253 0.868239 0.884797 0.953712 0.861012 0.698055 1.042747 0.584697 0.885980 0.960430 1.058504 1.013003 0.890524 1.038248 0.871485 1.002199 0.951954 0.812163 0.966136 1.168604 0.911612 1.006503 0.995023 0.812748 0.558598 0.873405 0.929100 0.556577 0.552430 0.475263 0.600179 0.803928 0.970001 0.839451 0.951277 1.142949 0.772802 0.704079 0.836990 0.860172 0.534256 0.520831 0.820608 0.863744 0.861166
0.849051 1.049589 1.128482 0.799539 1.173717 0.957056 0.670054 1.135745 0.958179 0.903200 1.064614 1.256226 0.694702 0.744241 0.956915 0.819287 0.957975 0.869608 0.870663 1.181869 0.495603 1.191990 0.980980 1.036161 0.830123 1.143919 0.896996 1.234832 0.609116 0.826204 0.818803 0.962656 0.914112 0.678881 0.867250 1.048488 1.148825 0.891384 1.215328 0.880150 0.702031 0.929960 0.936981 1.390177 1.043223 1.216701 0.786695 0.535209 0.847350 0.969758 0.608261 0.588775 0.606858 0.593298 0.692547 0.878528 0.773289 0.735399 0.897812 0.724753 0.633381 0.877580 0.883816 0.594315 0.501844 0.801372 0.881058 0.746638
0.820555 0.874660 1.218741 0.797890 1.152326 0.874196 0.714855 0.853406 0.915264 1.064614 0.858074 0.996228 0.633317 0.719564 1.057571 0.760058 1.057983 0.813148 0.784764 1.051311 0.550766 1.058920 0.896161 0.904022 0.865915 1.032515 0.876760 1.058762 0.710907 0.938646 0.761914 0.986091 0.824563 0.728785 0.774044 0.867470 1.222933 0.839055 1.187559 0.845394 0.742310 0.750423 0.917011 1.080335 1.242959 1.038336 0.693161 0.581702 0.966064 0.953482 0.546687 0.604808 0.607656 0.619694 0.586165 0.763473 0.680516 0.643175 0.788154 0.677440 0.631105 0.974273 0.954584 0.554330 0.510458 0.739603 0.765619 0.638525
0.862298 0.910955 1.043714 0.869534 1.153483 0.944610 0.664414 1.198904 1.005509 1.256226 0.996228 0.875102 0.697973 0.728159 0.936371 0.884156 0.929530 0.908110 0.898467 0.976851 0.569957 1.016931 0.981074 0.994467 0.763560 0.950014 0.861076 1.014327 0.543329 0.816389 0.688333 0.923770 0.959729 0.744178 0.949993 0.942515 1.090785 0.887922 1.148273 0.849809 0.690385 0.984678 0.976880 1.215602 1.011133 1.260432 0.757325 0.521757 0.860833 0.987713 0.593420 0.546020 0.553868 0.582372 0.750887 0.896846 0.788159 0.829309 0.949215 0.715558 0.634416 0.806910 0.786081 0.584887 0.491550 0.819279 0.829034 0.812398
0.687944 0.675425 0.581783 0.711629 0.553613 0.885683 0.796660 0.725529 0.807743 0.694702 0.633317 0.697973 0.685439 0.645652 0.645007 0.581655 0.717126 0.627309 0.712261 0.627900 0.562977 0.723300 0.829427 0.718908 0.733404 0.709356 0.673081 0.687450 0.603568 0.824817 0.592607 0.608612 0.601792 0.775008 0.655563 0.678795 0.643237 0.719313 0.580086 0.829268 0.702475 0.682876 0.793226 0.706469 0.625487 0.677161 0.746519 0.552857 0.595209 0.666210 0.540341 0.540752 0.475789 0.537893 0.634150 0.706301 0.650230 0.744058 0.823725 0.597529 0.566594 0.660513 0.691862 0.563159 0.556681 0.645278 0.651194 0.646214
0.714223 0.678477 0.676892 0.696423 0.710017 0.757269 0.696017 0.784919 0.799699 0.744241 0.719564 0.728159 0.645652 0.686754 0.643347 0.587894 0.738889 0.648115 0.683638 0.681555 0.523082 0.714933 0.756591 0.734669 0.641425 0.690838 0.673727 0.728852 0.617495 0.739416 0.594831 0.648372 0.684633 0.736876 0.740120 0.684513 0.713955 0.661294 0.719242 0.701390 0.642021 0.696603 0.772462 0.728995 0.718339 0.760056 0.643994 0.539648 0.614931 0.691468 0.552262 0.535842 0.541751 0.517614 0.623261 0.709091 0.640628 0.695059 0.756465 0.624654 0.587568 0.676176 0.686967 0.577000 0.536133 0.622573 0.645838 0.651297
0.782886 0.976311 1.071798 0.840379 1.031936 0.899349 0.750166 0.910944 0.935029 0.956915 1.057571 0.936371 0.645007 0.643347 0.828102 0.859638 0.980706 0.817667 0.888258 0.892531 0.565025 0.819376 0.902765 0.732245 0.814997 0.850719 0.842710 0.957227 0.615658 0.852672 0.653017 0.908963 0.887149 0.759113 0.830045 0.979453 1.123083 0.858054 1.089081 0.873701 0.780058 0.853577 0.956339 0.942268 1.096452 1.021467 0.677307 0.518393 0.996556 0.972128 0.576908 0.557776 0.544585 0.546697 0.693533 0.821362 0.774041 0.753217 0.855927 0.715205 0.697735 0.787710 0.816422 0.547862 0.543900 0.738974 0.804332 0.792480
0.700538 0.820197 0.803794 0.774328 0.833880 0.762453 0.682168 0.860402 0.792808 0.819287 0.760058 0.884156 0.581655 0.587894 0.859638 0.723885 0.750983 0.811166 0.802882 0.727684 0.595184 0.680046 0.749798 0.672065 0.645489 0.693332 0.703824 0.746992 0.540006 0.660812 0.545114 0.744147 0.824066 0.619582 0.783955 0.821676 0.845233 0.761432 0.859785 0.733319 0.663547 0.806629 0.823668 0.813868 0.794291 0.922873 0.606264 0.486407 0.792167 0.861884 0.526719 0.530597 0.543321 0.530851 0.742312 0.792818 0.730053 0.763487 0.810795 0.675005 0.615571 0.674908 0.636483 0.587615 0.522916 0.717034 0.740404 0.780784
0.860302 0.939283 0.994084 0.850647 0.982543 1.022886 0.828325 0.960151 1.066703 0.957975 1.057983 0.929530 0.717126 0.738889 0.980706 0.750983 0.878117 0.844792 1.000050 0.878694 0.566096 0.914679 1.095542 0.896583 0.884789 0.921817 0.889385 0.973468 0.678995 1.119544 0.644031 0.875547 1.016313 1.006824 0.981874 0.967632 1.126823 0.882932 1.069046 0.977760 0.797752 0.955105 1.116700 0.979885 1.162823 1.038079 0.782211 0.566608 0.961585 0.967534 0.532073 0.586988 0.525744 0.607989 0.716093 0.841277 0.796591 0.880219 0.993553 0.731425 0.629514 0.875642 0.864143 0.592136 0.524845 0.777800 0.838486 0.727383
0.722603 0.899163 0.789251 0.750343 0.856062 0.910036 0.764731 0.952955 0.872911 0.869608 0.813148 0.908110 0.627309 0.648115 0.817667 0.811166 0.844792 0.792074 0.937368 0.763693 0.570285 0.794737 0.865395 0.799423 0.706748 0.860526 0.815751 0.844994 0.570103 0.795406 0.584589 0.801693 0.936651 0.725093 0.943162 0.922019 0.828579 0.904476 0.957171 0.882170 0.816412 0.956690 1.003284 0.918289 0.847304 1.050675 0.774615 0.495237 0.830513 0.925575 0.541392 0.596726 0.478101 0.513743 0.855722 0.853428 0.777565 0.924249 0.955380 0.692969 0.640310 0.682473 0.665295 0.612449 0.513309 0.811201 0.783711 0.852707
0.610493 0.908725 0.684942 0.967206 0.763202 1.134514 0.887725 1.091937 1.002496 0.870663 0.784764 0.898467 0.712261 0.683638 0.888258 0.802882 1.000050 0.937368 0.849990 0.625234 0.613940 0.702345 1.299136 0.859774 0.886246 0.757275 0.928661 0.771131 0.616030 1.131001 0.537761 0.772087 1.039254 1.086840 1.031874 0.916756 0.849007 0.991139 0.878656 1.183880 0.905203 1.309333 1.292455 0.867285 0.850144 1.020650 0.832740 0.524931 0.836180 0.904458 0.588093 0.559970 0.427970 0.478590 0.912002 0.957115 0.976775 1.182272 1.157922 0.800039 0.693773 0.683718 0.745892 0.620741 0.546962 0.779674 0.832860 0.922881
0.781750 1.091336 1.164163 0.607364 1.117251 0.697270 0.602713 0.786103 0.767520 1.181869 1.051311 0.976851 0.627900 0.681555 0.892531 0.727684 0.878694 0.763693 0.625234 0.809394 0.421666 1.098240 0.695700 0.812523 0.766929 1.211708 0.774652 1.325965 0.597216 0.702481 0.834550 0.913659 0.781997 0.567025 0.671711 1.076557 1.109231 0.738718 1.169064 0.641626 0.662796 0.614099 0.729412 1.222468 1.017782 1.035475 0.727408 0.509102 0.831304 0.874219 0.558764 0.594862 0.594512 0.569189 0.587790 0.697635 0.642962 0.470860 0.640417 0.608968 0.577800 0.873873 0.842756 0.556283 0.545663 0.722464 0.754022 0.538455
0.562799 0.498958 0.524510 0.622861 0.545780 0.642082 0.580486 0.604051 0.635317 0.495603 0.550766 0.569957 0.562977 0.523082 0.565025 0.595184 0.566096 0.570285 0.613940 0.421666 0.565413 0.508953 0.628507 0.548292 0.516950 0.482966 0.584960 0.444061 0.523021 0.615170 0.536762 0.540795 0.554878 0.618624 0.617693 0.532936 0.563357 0.561128 0.537702 0.596190 0.509817 0.626144 0.615382 0.486598 0.556948 0.546819 0.532923 0.545690 0.556886 0.575624 0.502140 0.522829 0.526530 0.559343 0.570915 0.597516 0.555924 0.623998 0.653368 0.609910 0.587715 0.535612 0.551141 0.512443 0.448650 0.549829 0.533254 0.610114
0.834722 0.864456 1.040865 0.711539 1.043620 0.841726 0.663191 0.865407 0.870646 1.191990 1.058920 1.016931 0.723300 0.714933 0.819376 0.680046 0.914679 0.794737 0.702345 1.098240 0.508953 0.838571 0.854268 1.034049 0.814512 1.181828 0.832289 1.142249 0.660433 0.843507 0.811081 0.900639 0.737207 0.662446 0.748719 0.850353 1.047255 0.761917 1.092554 0.769074 0.707304 0.704423 0.811512 1.235456 1.013422 1.018591 0.716961 0.551505 0.768110 0.859639 0.612926 0.608528 0.609184 0.651214 0.640168 0.766566 0.687289 0.631578 0.781108 0.652848 0.610576 0.905000 0.911980 0.575216 0.473694 0.775224 0.809697 0.632305
0.662548 0.891690 0.751847 1.003220 0.800185 1.222499 0.931674 1.105695 1.075285 0.980980 0.896161 0.981074 0.829427 0.756591 0.902765 0.749798 1.095542 0.865395 1.299136 0.695700 0.628507 0.854268 0.908486 1.037005 0.988999 0.849350 1.042363 0.850417 0.741078 1.317312 0.624728 0.820098 0.979543 1.204254 1.040802 0.899468 0.943829 0.994200 0.910592 1.271521 0.925764 1.289906 1.325478 0.982979 0.950828 1.027163 0.892355 0.591347 0.862215 0.901186 0.596941 0.593715 0.488928 0.535109 0.891603 1.001513 0.971430 1.160057 1.187355 0.839270 0.725503 0.821052 0.871062 0.629871 0.529382 0.829270 0.882808 0.896449
0.733359 0.719439 0.803289 0.779860 0.860352 0.901182 0.723039 0.937459 0.913253 1.036161 0.904022 0.994467 0.718908 0.734669 0.732245 0.672065 0.896583 0.799423 0.859774 0.812523 0.548292 1.034049 1.037005 0.813858 0.796240 0.945508 0.838488 0.859339 0.624192 1.012385 0.647114 0.793413 0.787482 0.834158 0.864627 0.726400 0.903477 0.802698 0.919118 0.883642 0.728645 0.915372 0.950938 1.069652 0.920478 0.970401 0.754491 0.605466 0.744740 0.808278 0.550216 0.594642 0.580223 0.611875 0.716786 0.808197 0.710134 0.840376 0.909318 0.706034 0.652241 0.816569 0.857271 0.582585 0.509678 0.769689 0.792678 0.702347
0.633331 0.784417 0.779665 0.819438 0.737735 1.043062 0.840945 0.749932 0.868239 0.830123 0.865915 0.763560 0.733404 0.641425 0.814997 0.645489 0.884789 0.706748 0.886246 0.766929 0.516950 0.814512 0.988999 0.796240 0.781093 0.837890 0.828874 0.857688 0.744546 0.981772 0.654482 0.750595 0.684070 0.834512 0.737925 0.758925 0.851053 0.873382 0.799204 1.051347 0.816150 0.802445 0.954988 0.828779 0.856630 0.810807 0.733953 0.558719 0.735511 0.732261 0.593466 0.635438 0.474426 0.553863 0.717258 0.807544 0.788869 0.814065 0.900784 0.648055 0.651743 0.771847 0.853596 0.575711 0.561929 0.703310 0.706757 0.724345
0.819912 0.995101 1.034961 0.685725 1.002906 0.802897 0.728828 0.846188 0.884797 1.143919 1.032515 0.950014 0.709356 0.690838 0.850719 0.693332 0.921817 0.860526 0.757275 1.211708 0.482966 1.181828 0.849350 0.945508 0.837890 0.849069 0.818874 1.247206 0.670422 0.857506 0.747106 0.885381 0.816581 0.699218 0.767607 0.985132 1.033609 0.793971 1.131692 0.772645 0.767754 0.742883 0.854386 1.213611 0.995695 1.033188 0.797816 0.541972 0.820310 0.850964 0.591784 0.621489 0.551685 0.585638 0.675391 0.799423 0.725159 0.698209 0.856705 0.635272 0.578763 0.870122 0.857913 0.571798 0.514689 0.780599 0.836443 0.665089
0.719111 0.806369 0.822639 0.844655 0.836385 0.949249 0.801544 0.916431 0.953712 0.896996 0.876760 0.861076 0.673081 0.673727 0.842710 0.703824 0.889385 0.815751 0.928661 0.774652 0.584960 0.832289 1.042363 0.838488 0.828874 0.818874 0.810054 0.853519 0.817945 1.000756 0.630292 0.801193 0.822930 0.924813 0.864196 0.811781 0.892059 0.820491 0.908689 0.945725 0.800210 0.945642 1.026356 0.877721 0.925647 0.907155 0.787743 0.548762 0.782343 0.863683 0.602320 0.601165 0.515509 0.540598 0.708863 0.849431 0.780323 0.803753 0.886818 0.740695 0.658648 0.808527 0.844889 0.541243 0.523428 0.748671 0.813564 0.736188
0.842620 1.217612 1.106271 0.684266 1.077365 0.856387 0.678384 0.889125 0.861012 1.234832 1.058762 1.014327 0.687450 0.728852 0.957227 0.746992 0.973468 0.844994 0.771131 1.325965 0.444061 1.142249 0.850417 0.859339 0.857688 1.247206 0.853519 0.870012 0.629487 0.805030 0.842202 0.911263 0.849476 0.674633 0.784903 1.207214 1.085645 0.810799 1.158977 0.795157 0.726499 0.747572 0.854161 1.277300 1.016590 1.095155 0.806413 0.523119 0.860820 0.899315 0.600616 0.601997 0.573207 0.563365 0.656569 0.817803 0.772347 0.631797 0.795500 0.679640 0.609901 0.884143 0.857647 0.571717 0.542589 0.793586 0.855414 0.665453
0.592509 0.551691 0.661494 0.645105 0.617529 0.757720 0.712568 0.571158 0.698055 0.609116 0.710907 0.543329 0.603568 0.617495 0.615658 0.540006 0.678995 0.570103 0.616030 0.597216 0.523021 0.660433 0.741078 0.624192 0.744546 0.670422 0.817945 0.629487 0.644267 0.814167 0.584536 0.639212 0.487616 0.699448 0.586376 0.541476 0.693099 0.606627 0.632769 0.743949 0.721101 0.588908 0.725764 0.592824 0.719934 0.560015 0.600103 0.612141 0.625211 0.605397 0.600502 0.605702 0.540415 0.530070 0.598081 0.624080 0.605290 0.592191 0.678356 0.585612 0.580923 0.717467 0.760553 0.490348 0.527854 0.608655 0.601821 0.567406
0.677847 0.782321 0.783909 0.928895 0.759934 1.160700 0.942688 0.879866 1.042747 0.826204 0.938646 0.816389 0.824817 0.739416 0.852672 0.660812 1.119544 0.795406 1.131001 0.702481 0.615170 0.843507 1.317312 1.012385 0.981772 0.857506 1.000756 0.805030 0.814167 0.866856 0.606096 0.785818 0.857325 1.179897 0.942523 0.780054 0.945822 0.901505 0.864295 1.192177 0.925462 1.055755 1.231015 0.841138 1.003933 0.885597 0.832270 0.626797 0.838977 0.849963 0.587348 0.642336 0.533940 0.632818 0.806927 0.899773 0.874227 1.015889 1.087614 0.781281 0.689253 0.870886 0.917370 0.600815 0.524728 0.776356 0.816005 0.787032
0.613190 0.717617 0.753952 0.595599 0.715748 0.646040 0.592502 0.596033 0.584697 0.818803 0.761914 0.688333 0.592607 0.594831 0.653017 0.545114 0.644031 0.584589 0.537761 0.834550 0.536762 0.811081 0.624728 0.647114 0.654482 0.747106 0.630292 0.842202 0.584536 0.606096 0.642199 0.645634 0.571450 0.489384 0.525746 0.708778 0.727765 0.617693 0.734912 0.628479 0.566501 0.519991 0.588687 0.795208 0.688516 0.685692 0.622189 0.559048 0.608893 0.610923 0.544492 0.586132 0.593183 0.532025 0.524044 0.595386 0.559754 0.454926 0.512364 0.546323 0.541902 0.706381 0.704310 0.547477 0.506265 0.566353 0.590583 0.490785
0.770723 0.786161 1.008258 0.747991 1.038966 0.844595 0.670425 0.881747 0.885980 0.962656 0.986091 0.923770 0.608612 0.648372 0.908963 0.744147 0.875547 0.801693 0.772087 0.913659 0.540795 0.900639 0.820098 0.793413 0.750595 0.885381 0.801193 0.911263 0.639212 0.785818 0.645634 0.788377 0.826440 0.656994 0.727943 0.793977 1.052376 0.825916 1.050518 0.821933 0.714233 0.773096 0.879602 0.966457 1.005110 0.983477 0.632039 0.518055 0.878418 0.889762 0.545451 0.529501 0.569400 0.556653 0.643530 0.758364 0.682573 0.664279 0.774286 0.699199 0.544590 0.804485 0.805440 0.590579 0.462462 0.729069 0.747473 0.665089
0.739663 0.922966 0.827452 0.787210 0.950902 0.857848 0.741643 1.051796 0.960430 0.914112 0.824563 0.959729 0.601792 0.684633 0.887149 0.824066 1.016313 0.936651 1.039254 0.781997 0.554878 0.737207 0.979543 0.787482 0.684070 0.816581 0.822930 0.849476 0.487616 0.857325 0.571450 0.826440 0.814503 0.886281 1.070014 0.925775 0.938132 0.895974 1.033135 0.852580 0.776132 1.112701 1.104598 0.944859 0.940605 1.138379 0.764687 0.519530 0.892384 1.004383 0.538433 0.492716 0.451963 0.489048 0.788181 0.869644 0.876020 0.958764 0.960203 0.737547 0.651495 0.679803 0.730245 0.597281 0.541520 0.760428 0.807014 0.802577
0.729097 0.760760 0.614415 0.867198 0.641301 1.001260 0.856822 0.921206 1.058504 0.678881 0.728785 0.744178 0.775008 0.736876 0.759113 0.619582 1.006824 0.725093 1.086840 0.567025 0.618624 0.662446 1.204254 0.834158 0.834512 0.699218 0.924813 0.674633 0.699448 1.179897 0.489384 0.656994 0.886281 0.789571 1.016113 0.787717 0.812425 0.804340 0.723249 1.001530 0.830436 1.059443 1.157984 0.685652 0.837587 0.790852 0.788602 0.558599 0.755382 0.762450 0.564040 0.537234 0.457140 0.514599 0.775146 0.845261 0.856348 1.027183 1.079135 0.781182 0.710942 0.675797 0.745035 0.538954 0.538563 0.694856 0.721732 0.753949
0.786911 0.877745 0.693538 0.827249 0.833433 0.952728 0.785100 1.051769 1.013003 0.867250 0.774044 0.949993 0.655563 0.740120 0.830045 0.783955 0.981874 0.943162 1.031874 0.671711 0.617693 0.748719 1.040802 0.864627 0.737925 0.767607 0.864196 0.784903 0.586376 0.942523 0.525746 0.727943 1.070014 1.016113 0.815168 0.894321 0.857178 0.845851 0.924449 0.896236 0.758449 1.065152 1.102468 0.886934 0.887931 1.048317 0.758723 0.532690 0.804466 0.937897 0.601605 0.553089 0.457395 0.500500 0.818873 0.900112 0.839874 1.022021 1.042552 0.743151 0.703881 0.690337 0.675859 0.601954 0.528976 0.773253 0.812553 0.827003
0.845771 1.383461 0.901338 0.753201 0.917183 0.887867 0.746384 0.969768 0.890524 1.048488 0.867470 0.942515 0.678795 0.684513 0.979453 0.821676 0.967632 0.922019 0.916756 1.076557 0.532936 0.850353 0.899468 0.726400 0.758925 0.985132 0.811781 1.207214 0.541476 0.780054 0.708778 0.793977 0.925775 0.787717 0.894321 0.840396 0.957871 0.839265 1.006228 0.829415 0.725470 0.875713 0.923751 1.074111 0.914357 1.068413 0.794513 0.487551 0.877901 0.931974 0.597478 0.546099 0.485820 0.466838 0.776653 0.877153 0.846969 0.861970 0.960466 0.752846 0.658978 0.726238 0.654831 0.619838 0.569477 0.789396 0.847742 0.833856
0.905029 0.954439 1.355973 0.806565 1.271581 0.888417 0.707690 0.986239 1.038248 1.148825 1.222933 1.090785 0.643237 0.713955 1.123083 0.845233 1.126823 0.828579 0.849007 1.109231 0.563357 1.047255 0.943829 0.903477 0.851053 1.033609 0.892059 1.085645 0.693099 0.945822 0.727765 1.052376 0.938132 0.812425 0.857178 0.957871 0.895047 0.822601 1.322584 0.800382 0.727777 0.838618 0.989544 1.150875 1.270623 1.158700 0.712320 0.539856 1.048393 1.038444 0.558890 0.560400 0.607683 0.625421 0.640081 0.805859 0.716986 0.676392 0.871625 0.732058 0.672964 0.947638 0.947872 0.572246 0.477420 0.760089 0.811797 0.686508
0.637449 0.821980 0.746548 0.910772 0.797222 1.061595 0.858782 0.924525 0.871485 0.891384 0.839055 0.887922 0.719313 0.661294 0.858054 0.761432 0.882932 0.904476 0.991139 0.738718 0.561128 0.761917 0.994200 0.802698 0.873382 0.793971 0.820491 0.810799 0.606627 0.901505 0.617693 0.825916 0.895974 0.804340 0.845851 0.839265 0.822601 0.803755 0.861537 1.091170 0.857944 0.977731 1.035389 0.899175 0.859656 0.972138 0.789726 0.554722 0.791363 0.862589 0.569224 0.589696 0.487381 0.526136 0.819485 0.872045 0.810712 0.936157 0.976885 0.678740 0.619637 0.739709 0.756239 0.599450 0.531428 0.795120 0.781838 0.810816
0.875785 0.993790 1.286502 0.776176 1.321631 0.853507 0.682052 1.036747 1.002199 1.215328 1.187559 1.148273 0.580086 0.719242 1.089081 0.859785 1.069046 0.957171 0.878656 1.169064 0.537702 1.092554 0.910592 0.919118 0.799204 1.131692 0.908689 1.158977 0.632769 0.864295 0.734912 1.050518 1.033135 0.723249 0.924449 1.006228 1.322584 0.861537 0.901399 0.783062 0.721689 0.904724 1.012473 1.246341 1.230492 1.266047 0.728786 0.525948 1.025401 1.074948 0.564743 0.581496 0.583679 0.598580 0.688472 0.837450 0.758282 0.698451 0.858009 0.712091 0.647408 0.918324 0.907809 0.602421 0.467258 0.793005 0.857292 0.712970
0.597310 0.838821 0.690311 1.005074 0.684673 1.318187 1.006627 0.932602 0.951954 0.880150 0.845394 0.849809 0.829268 0.701390 0.873701 0.733319 0.977760 0.882170 1.183880 0.641626 0.596190 0.769074 1.271521 0.883642 1.051347 0.772645 0.945725 0.795157 0.743949 1.192177 0.628479 0.821933 0.852580 1.001530 0.896236 0.829415 0.800382 1.091170 0.783062 0.854842 0.978292 1.106960 1.226482 0.866501 0.873853 0.926513 0.898281 0.611505 0.801268 0.857323 0.611049 0.641080 0.458828 0.515681 0.905710 0.927055 0.930178 1.090825 1.114786 0.744468 0.698872 0.789321 0.827711 0.624128 0.589226 0.764191 0.826316 0.898576
0.563060 0.744126 0.662787 0.770254 0.654842 0.952040 0.902766 0.711496 0.812163 0.702031 0.742310 0.690385 0.702475 0.642021 0.780058 0.663547 0.797752 0.816412 0.905203 0.662796 0.509817 0.707304 0.925764 0.728645 0.816150 0.767754 0.800210 0.726499 0.721101 0.925462 0.566501 0.714233 0.776132 0.830436 0.758449 0.725470 0.727777 0.857944 0.721689 0.978292 0.742581 0.861085 1.002354 0.746361 0.759328 0.790835 0.828880 0.564935 0.721000 0.763373 0.587094 0.599240 0.473289 0.545430 0.794666 0.779183 0.824458 0.869544 0.892208 0.659845 0.620875 0.677977 0.729800 0.567185 0.559873 0.737743 0.733011 0.764817
0.578860 0.862969 0.676263 0.941283 0.813382 1.033810 0.823059 1.186089 0.966136 0.929960 0.750423 0.984678 0.682876 0.696603 0.853577 0.806629 0.955105 0.956690 1.309333 0.614099 0.626144 0.704423 1.289906 0.915372 0.802445 0.742883 0.945642 0.747572 0.588908 1.055755 0.519991 0.773096 1.112701 1.059443 1.065152 0.875713 0.838618 0.977731 0.904724 1.106960 0.861085 0.841872 1.281344 0.921658 0.841047 1.085506 0.867993 0.537981 0.821942 0.938808 0.589864 0.537074 0.446302 0.485343 0.894586 0.938824 0.979895 1.218357 1.143229 0.803839 0.708000 0.647573 0.713733 0.625450 0.519958 0.785812 0.826876 0.899645
0.712454 0.916799 0.823227 0.991746 0.906199 1.210453 0.995199 1.123146 1.168604 0.936981 0.917011 0.976880 0.793226 0.772462 0.956339 0.823668 1.116700 1.003284 1.292455 0.729412 0.615382 0.811512 1.325478 0.950938 0.954988 0.854386 1.026356 0.854161 0.725764 1.231015 0.588687 0.879602 1.104598 1.157984 1.102468 0.923751 0.989544 1.035389 1.012473 1.226482 1.002354 1.281344 0.920276 0.956097 0.992764 1.111442 0.910564 0.582037 0.920839 1.006189 0.592406 0.589994 0.474678 0.540195 0.936829 1.013983 0.992207 1.176189 1.200011 0.846088 0.731854 0.803789 0.861141 0.625077 0.537879 0.846752 0.905450 0.942730
0.824357 1.089136 1.113862 0.751686 1.161108 0.918011 0.677836 1.046220 0.911612 1.390177 1.080335 1.215602 0.706469 0.728995 0.942268 0.813868 0.979885 0.918289 0.867285 1.222468 0.486598 1.235456 0.982979 1.069652 0.828779 1.213611 0.877721 1.277300 0.592824 0.841138 0.795208 0.966457 0.944859 0.685652 0.886934 1.074111 1.150875 0.899175 1.246341 0.866501 0.746361 0.921658 0.956097 0.905224 1.049338 1.250619 0.809664 0.523993 0.860784 0.984584 0.592552 0.607313 0.606901 0.577895 0.699919 0.859677 0.794311 0.748252 0.881467 0.725189 0.621254 0.901168 0.889523 0.608883 0.503857 0.814578 0.892044 0.739221
0.868648 0.892947 1.208120 0.831461 1.174984 0.905251 0.760495 0.939571 1.006503 1.043223 1.242959 1.011133 0.625487 0.718339 1.096452 0.794291 1.162823 0.847304 0.850144 1.017782 0.556948 1.013422 0.950828 0.920478 0.856630 0.995695 0.925647 1.016590 0.719934 1.003933 0.688516 1.005110 0.940605 0.837587 0.887931 0.914357 1.270623 0.859656 1.230492 0.873853 0.759328 0.841047 0.992764 1.049338 0.881438 1.098115 0.671745 0.629268 1.089339 1.031385 0.537626 0.564657 0.608525 0.660824 0.656668 0.794090 0.732857 0.725418 0.879214 0.709376 0.656798 0.950237 0.945349 0.545412 0.492367 0.774131 0.812744 0.663798
0.843252 1.054838 1.078136 0.854635 1.188079 0.974291 0.743845 1.172798 0.995023 1.216701 1.038336 1.260432 0.677161 0.760056 1.021467 0.922873 1.038079 1.050675 1.020650 1.035475 0.546819 1.018591 1.027163 0.970401 0.810807 1.033188 0.907155 1.095155 0.560015 0.885597 0.685692 0.983477 1.138379 0.790852 1.048317 1.068413 1.158700 0.972138 1.266047 0.926513 0.790835 1.085506 1.111442 1.250619 1.098115 0.916977 0.786315 0.506511 0.964509 1.124422 0.570829 0.545189 0.524383 0.533946 0.821148 0.953154 0.898988 0.922677 1.013392 0.756997 0.669966 0.824313 0.822654 0.631202 0.503182 0.893885 0.931617 0.875862
0.580746 0.803736 0.669673 0.763617 0.644726 0.879113 0.831448 0.773219 0.812748 0.786695 0.693161 0.757325 0.746519 0.643994 0.677307 0.606264 0.782211 0.774615 0.832740 0.727408 0.532923 0.716961 0.892355 0.754491 0.733953 0.797816 0.787743 0.806413 0.600103 0.832270 0.622189 0.632039 0.764687 0.788602 0.758723 0.794513 0.712320 0.789726 0.728786 0.898281 0.828880 0.867993 0.910564 0.809664 0.671745 0.786315 0.728140 0.551271 0.675805 0.707322 0.617296 0.566347 0.430858 0.499995 0.755190 0.734772 0.736753 0.827114 0.838429 0.656063 0.586416 0.641484 0.650198 0.526250 0.529015 0.710328 0.729058 0.695456
0.518181 0.484127 0.525801 0.548416 0.496143 0.597197 0.596094 0.517875 0.558598 0.535209 0.581702 0.521757 0.552857 0.539648 0.518393 0.486407 0.566608 0.495237 0.524931 0.509102 0.545690 0.551505 0.591347 0.605466 0.558719 0.541972 0.548762 0.523119 0.612141 0.626797 0.559048 0.518055 0.519530 0.558599 0.532690 0.487551 0.539856 0.554722 0.525948 0.611505 0.564935 0.537981 0.582037 0.523993 0.629268 0.506511 0.551271 0.557296 0.533904 0.551911 0.494423 0.516306 0.591992 0.583801 0.557858 0.511407 0.506869 0.593505 0.579634 0.533291 0.532319 0.612663 0.581273 0.501258 0.506997 0.520769 0.536818 0.477964
0.715874 0.864854 1.011586 0.748750 0.979470 0.811208 0.724042 0.854013 0.873405 0.847350 0.966064 0.860833 0.595209 0.614931 0.996556 0.792167 0.961585 0.830513 0.836180 0.831304 0.556886 0.768110 0.862215 0.744740 0.735511 0.820310 0.782343 0.860820 0.625211 0.838977 0.608893 0.878418 0.892384 0.755382 0.804466 0.877901 1.048393 0.791363 1.025401 0.801268 0.721000 0.821942 0.920839 0.860784 1.089339 0.964509 0.675805 0.533904 0.784869 0.926286 0.584391 0.515220 0.545951 0.544808 0.683485 0.788170 0.718083 0.748132 0.835211 0.706206 0.626883 0.738965 0.780919 0.577295 0.537138 0.720124 0.749757 0.717686
0.743818 0.911385 0.970414 0.785377 1.031379 0.881037 0.750399 0.978305 0.929100 0.969758 0.953482 0.987713 0.666210 0.691468 0.972128 0.861884 0.967534 0.925575 0.904458 0.874219 0.575624 0.859639 0.901186 0.808278 0.732261 0.850964 0.863683 0.899315 0.605397 0.849963 0.610923 0.889762 1.004383 0.762450 0.937897 0.931974 1.038444 0.862589 1.074948 0.857323 0.763373 0.938808 1.006189 0.984584 1.031385 1.124422 0.707322 0.551911 0.926286 0.828748 0.562746 0.535127 0.507345 0.546442 0.760029 0.811051 0.777763 0.828758 0.927510 0.732488 0.658190 0.777519 0.764072 0.624239 0.522932 0.781418 0.820176 0.792578
0.520541 0.603993 0.564519 0.561174 0.552343 0.601914 0.577440 0.580512 0.556577 0.608261 0.546687 0.593420 0.540341 0.552262 0.576908 0.526719 0.532073 0.541392 0.588093 0.558764 0.502140 0.612926 0.596941 0.550216 0.593466 0.591784 0.602320 0.600616 0.600502 0.587348 0.544492 0.545451 0.538433 0.564040 0.601605 0.597478 0.558890 0.569224 0.564743 0.611049 0.587094 0.589864 0.592406 0.592552 0.537626 0.570829 0.617296 0.494423 0.584391 0.562746 0.576296 0.478577 0.529062 0.484609 0.591809 0.562018 0.611810 0.610942 0.633989 0.540840 0.545548 0.498893 0.536404 0.509613 0.465046 0.578261 0.592460 0.605017
0.502584 0.566547 0.583069 0.577327 0.542100 0.662311 0.608759 0.510662 0.552430 0.588775 0.604808 0.546020 0.540752 0.535842 0.557776 0.530597 0.586988 0.596726 0.559970 0.594862 0.522829 0.608528 0.593715 0.594642 0.635438 0.621489 0.601165 0.601997 0.605702 0.642336 0.586132 0.529501 0.492716 0.537234 0.553089 0.546099 0.560400 0.589696 0.581496 0.641080 0.599240 0.537074 0.589994 0.607313 0.564657 0.545189 0.566347 0.516306 0.515220 0.535127 0.478577 0.578307 0.504418 0.538017 0.571499 0.548832 0.546627 0.557267 0.569287 0.524950 0.546676 0.576210 0.615595 0.497197 0.529489 0.579009 0.580901 0.535919
0.556452 0.507377 0.616573 0.485986 0.611934 0.467827 0.482002 0.489055 0.475263 0.606858 0.607656 0.553868 0.475789 0.541751 0.544585 0.543321 0.525744 0.478101 0.427970 0.594512 0.526530 0.609184 0.488928 0.580223 0.474426 0.551685 0.515509 0.573207 0.540415 0.533940 0.593183 0.569400 0.451963 0.457140 0.457395 0.485820 0.607683 0.487381 0.583679 0.458828 0.473289 0.446302 0.474678 0.606901 0.608525 0.524383 0.430858 0.591992 0.545951 0.507345 0.529062 0.504418 0.538145 0.566236 0.442877 0.494609 0.496960 0.407991 0.464445 0.519515 0.538215 0.639192 0.587437 0.511422 0.476984 0.505135 0.512088 0.441742
0.524167 0.468848 0.637087 0.551489 0.603259 0.538234 0.519097 0.520237 0.600179 0.593298 0.619694 0.582372 0.537893 0.517614 0.546697 0.530851 0.607989 0.513743 0.478590 0.569189 0.559343 0.651214 0.535109 0.611875 0.553863 0.585638 0.540598 0.563365 0.530070 0.632818 0.532025 0.556653 0.489048 0.514599 0.500500 0.466838 0.625421 0.526136 0.598580 0.515681 0.545430 0.485343 0.540195 0.577895 0.660824 0.533946 0.499995 0.583801 0.544808 0.546442 0.484609 0.538017 0.566236 0.560697 0.489558 0.551304 0.487008 0.470309 0.508645 0.542642 0.510726 0.633597 0.606654 0.463136 0.513783 0.522641 0.529349 0.475070
0.613544 0.767985 0.548543 0.815870 0.634774 0.899586 0.815003 0.841224 0.803928 0.692547 0.586165 0.750887 0.634150 0.623261 0.693533 0.742312 0.716093 0.855722 0.912002 0.587790 0.570915 0.640168 0.891603 0.716786 0.717258 0.675391 0.708863 0.656569 0.598081 0.806927 0.524044 0.643530 0.788181 0.775146 0.818873 0.776653 0.640081 0.819485 0.688472 0.905710 0.794666 0.894586 0.936829 0.699919 0.656668 0.821148 0.755190 0.557858 0.683485 0.760029 0.591809 0.571499 0.442877 0.489558 0.721097 0.856942 0.802734 0.988901 0.982576 0.733215 0.659224 0.610850 0.615497 0.626234 0.598836 0.764038 0.760336 0.868237
0.742631 0.877321 0.693213 0.825892 0.791518 0.985590 0.820004 0.985870 0.970001 0.878528 0.763473 0.896846 0.706301 0.709091 0.821362 0.792818 0.841277 0.853428 0.957115 0.697635 0.597516 0.766566 1.001513 0.808197 0.807544 0.799423 0.849431 0.817803 0.624080 0.899773 0.595386 0.758364 0.869644 0.845261 0.900112 0.877153 0.805859 0.872045 0.837450 0.927055 0.779183 0.938824 1.013983 0.859677 0.794090 0.953154 0.734772 0.511407 0.788170 0.811051 0.562018 0.548832 0.494609 0.551304 0.856942 0.805207 0.937259 0.941009 1.019544 0.781311 0.654964 0.718663 0.728653 0.563666 0.577972 0.838769 0.865536 0.873654
0.645418 0.840357 0.609925 0.769830 0.682356 0.940331 0.775794 0.881726 0.839451 0.773289 0.680516 0.788159 0.650230 0.640628 0.774041 0.730053 0.796591 0.777565 0.976775 0.642962 0.555924 0.687289 0.971430 0.710134 0.788869 0.725159 0.780323 0.772347 0.605290 0.874227 0.559754 0.682573 0.876020 0.856348 0.839874 0.846969 0.716986 0.810712 0.758282 0.930178 0.824458 0.979895 0.992207 0.794311 0.732857 0.898988 0.736753 0.506869 0.718083 0.777763 0.611810 0.546627 0.496960 0.487008 0.802734 0.937259 0.755876 0.950218 0.959389 0.754638 0.663808 0.634289 0.655977 0.589219 0.622448 0.769573 0.798257 0.832795
0.604250 0.850714 0.493525 0.911070 0.596129 1.065467 0.907000 1.019560 0.951277 0.735399 0.643175 0.829309 0.744058 0.695059 0.753217 0.763487 0.880219 0.924249 1.182272 0.470860 0.623998 0.631578 1.160057 0.840376 0.814065 0.698209 0.803753 0.631797 0.592191 1.015889 0.454926 0.664279 0.958764 1.027183 1.022021 0.861970 0.676392 0.936157 0.698451 1.090825 0.869544 1.218357 1.176189 0.748252 0.725418 0.922677 0.827114 0.593505 0.748132 0.828758 0.610942 0.557267 0.407991 0.470309 0.988901 0.941009 0.950218 0.792675 1.300847 0.777031 0.675134 0.592112 0.605597 0.668997 0.558332 0.803297 0.811352 0.961365
0.795472 0.942593 0.699677 0.961750 0.759976 1.173915 0.968608 1.132014 1.142949 0.897812 0.788154 0.949215 0.823725 0.756465 0.855927 0.810795 0.993553 0.955380 1.157922 0.640417 0.653368 0.781108 1.187355 0.909318 0.900784 0.856705 0.886818 0.795500 0.678356 1.087614 0.512364 0.774286 0.960203 1.079135 1.042552 0.960466 0.871625 0.976885 0.858009 1.114786 0.892208 1.143229 1.200011 0.881467 0.879214 1.013392 0.838429 0.579634 0.835211 0.927510 0.633989 0.569287 0.464445 0.508645 0.982576 1.019544 0.959389 1.300847 0.879386 0.826431 0.726397 0.758772 0.734345 0.632378 0.548109 0.874473 0.874237 1.006496
0.620882 0.749681 0.668044 0.690738 0.686462 0.787385 0.658586 0.756612 0.772802 0.724753 0.677440 0.715558 0.597529 0.624654 0.715205 0.675005 0.731425 0.692969 0.800039 0.608968 0.609910 0.652848 0.839270 0.706034 0.648055 0.635272 0.740695 0.679640 0.585612 0.781281 0.546323 0.699199 0.737547 0.781182 0.743151 0.752846 0.732058 0.678740 0.712091 0.744468 0.659845 0.803839 0.846088 0.725189 0.709376 0.756997 0.656063 0.533291 0.706206 0.732488 0.540840 0.524950 0.519515 0.542642 0.733215 0.781311 0.754638 0.777031 0.826431 0.695510 0.654706 0.664095 0.705217 0.590306 0.473817 0.666350 0.733478 0.717815
0.599512 0.641696 0.623835 0.664240 0.617007 0.709680 0.645218 0.693395 0.704079 0.633381 0.631105 0.634416 0.566594 0.587568 0.697735 0.615571 0.629514 0.640310 0.693773 0.577800 0.587715 0.610576 0.725503 0.652241 0.651743 0.578763 0.658648 0.609901 0.580923 0.689253 0.541902 0.544590 0.651495 0.710942 0.703881 0.658978 0.672964 0.619637 0.647408 0.698872 0.620875 0.708000 0.731854 0.621254 0.656798 0.669966 0.586416 0.532319 0.626883 0.658190 0.545548 0.546676 0.538215 0.510726 0.659224 0.654964 0.663808 0.675134 0.726397 0.654706 0.637766 0.647776 0.653325 0.504114 0.511049 0.612182 0.622025 0.665544
0.740887 0.724213 0.914103 0.703478 0.918141 0.835259 0.677866 0.731834 0.836990 0.877580 0.974273 0.806910 0.660513 0.676176 0.787710 0.674908 0.875642 0.682473 0.683718 0.873873 0.535612 0.905000 0.821052 0.816569 0.771847 0.870122 0.808527 0.884143 0.717467 0.870886 0.706381 0.804485 0.679803 0.675797 0.690337 0.726238 0.947638 0.739709 0.918324 0.789321 0.677977 0.647573 0.803789 0.901168 0.950237 0.824313 0.641484 0.612663 0.738965 0.777519 0.498893 0.576210 0.639192 0.633597 0.610850 0.718663 0.634289 0.592112 0.758772 0.664095 0.647776 0.761238 0.884911 0.543751 0.494457 0.703620 0.720551 0.575687
0.679223 0.662656 0.905102 0.746917 0.890122 0.862526 0.740037 0.743056 0.860172 0.883816 0.954584 0.786081 0.691862 0.686967 0.816422 0.636483 0.864143 0.665295 0.745892 0.842756 0.551141 0.911980 0.871062 0.857271 0.853596 0.857913 0.844889 0.857647 0.760553 0.917370 0.704310 0.805440 0.730245 0.745035 0.675859 0.654831 0.947872 0.756239 0.907809 0.827711 0.729800 0.713733 0.861141 0.889523 0.945349 0.822654 0.650198 0.581273 0.780919 0.764072 0.536404 0.615595 0.587437 0.606654 0.615497 0.728653 0.655977 0.605597 0.734345 0.705217 0.653325 0.884911 0.770416 0.557941 0.525248 0.693807 0.701858 0.595560
0.510407 0.609763 0.534095 0.576180 0.569314 0.597743 0.554363 0.570907 0.534256 0.594315 0.554330 0.584887 0.563159 0.577000 0.547862 0.587615 0.592136 0.612449 0.620741 0.556283 0.512443 0.575216 0.629871 0.582585 0.575711 0.571798 0.541243 0.571717 0.490348 0.600815 0.547477 0.590579 0.597281 0.538954 0.601954 0.619838 0.572246 0.599450 0.602421 0.624128 0.567185 0.625450 0.625077 0.608883 0.545412 0.631202 0.526250 0.501258 0.577295 0.624239 0.509613 0.497197 0.511422 0.463136 0.626234 0.563666 0.589219 0.668997 0.632378 0.590306 0.504114 0.543751 0.557941 0.579291 0.471469 0.596152 0.612957 0.580977
0.443889 0.576608 0.472714 0.508522 0.467054 0.555600 0.585481 0.468943 0.520831 0.501844 0.510458 0.491550 0.556681 0.536133 0.543900 0.522916 0.524845 0.513309 0.546962 0.545663 0.448650 0.473694 0.529382 0.509678 0.561929 0.514689 0.523428 0.542589 0.527854 0.524728 0.506265 0.462462 0.541520 0.538563 0.528976 0.569477 0.477420 0.531428 0.467258 0.589226 0.559873 0.519958 0.537879 0.503857 0.492367 0.503182 0.529015 0.506997 0.537138 0.522932 0.465046 0.529489 0.476984 0.513783 0.598836 0.577972 0.622448 0.558332 0.548109 0.473817 0.511049 0.494457 0.525248 0.471469 0.531918 0.521240 0.521676 0.559038
