0.635844 0.781644 0.801290 0.731498 0.812812 0.801786 0.554402 0.788779 0.807559 0.817959 0.808685 0.826904 0.525894 0.530678 0.724775 0.767096 0.725071 0.636276 0.738332 0.754715 0.526140 0.752230 0.831865 0.741148 0.633468 0.747041 0.602715 0.795204 0.540124 0.743041 0.581374 0.703902 0.700929 0.572595 0.687178 0.768080 0.787436 0.701234 0.801552 0.813498 0.542554 0.757180 0.831312 0.813008 0.789789 0.820518 0.533476 0.519898 0.685406 0.773857 0.508991 0.508055 0.526018 0.519163 0.661886 0.561500 0.558068 0.759250 0.746669 0.545466 0.548849 0.577935 0.574788 0.514479 0.518571 0.560838 0.565333 0.602423
0.781644 0.948768 0.960507 0.908367 0.966456 0.960779 0.622377 0.953264 0.963831 0.968901 0.964409 0.972856 0.559008 0.569850 0.901707 0.938649 0.901991 0.782409 0.914818 0.929075 0.559608 0.927021 0.974898 0.917374 0.777701 0.922622 0.721924 0.957086 0.591010 0.919128 0.679529 0.878966 0.875431 0.661411 0.858250 0.939370 0.952449 0.875794 0.960631 0.966793 0.596382 0.931041 0.974679 0.966556 0.953887 0.970068 0.576174 0.545411 0.856049 0.943515 0.520578 0.518433 0.559336 0.543750 0.823015 0.637886 0.630466 0.932666 0.922279 0.602811 0.610272 0.672471 0.665938 0.533107 0.542404 0.636427 0.646021 0.721288
0.801290 0.960507 0.970405 0.924750 0.975289 0.970644 0.633300 0.964333 0.973133 0.977266 0.973620 0.980432 0.564483 0.576351 0.918592 0.951810 0.918894 0.802123 0.930594 0.943382 0.565155 0.941590 0.982048 0.932925 0.797271 0.937631 0.739528 0.967543 0.599301 0.934490 0.694653 0.897357 0.893998 0.675250 0.877512 0.952424 0.963660 0.894365 0.970522 0.975560 0.605193 0.945106 0.981876 0.975372 0.964882 0.978202 0.583244 0.549647 0.875398 0.956041 0.522496 0.520177 0.564861 0.547832 0.843001 0.650108 0.642007 0.946552 0.937332 0.612171 0.620241 0.687157 0.680238 0.536222 0.546348 0.648503 0.658771 0.738847
0.731498 0.908367 0.924750 0.858568 0.933521 0.925169 0.596928 0.914514 0.929584 0.937227 0.930460 0.943400 0.546468 0.555074 0.850918 0.895131 0.851270 0.732240 0.866012 0.883085 0.546978 0.880626 0.946683 0.869032 0.727942 0.875232 0.679218 0.919839 0.571848 0.871062 0.643529 0.826111 0.822398 0.628605 0.804631 0.896066 0.913424 0.822792 0.924958 0.934020 0.576193 0.885536 0.946330 0.933679 0.915428 0.939023 0.560138 0.535743 0.802422 0.901456 0.516180 0.514513 0.546735 0.534432 0.769947 0.609506 0.603472 0.887549 0.874844 0.581304 0.587242 0.637751 0.632438 0.526058 0.533362 0.608304 0.616047 0.678653
0.812812 0.966456 0.975289 0.933521 0.979584 0.975501 0.640005 0.969890 0.977694 0.981306 0.978120 0.984046 0.567853 0.580324 0.927712 0.958577 0.927991 0.813653 0.938996 0.950853 0.568590 0.949200 0.985437 0.941165 0.808767 0.945531 0.750082 0.972751 0.604439 0.942612 0.703820 0.907491 0.904262 0.683732 0.888326 0.959141 0.969293 0.904606 0.975393 0.979820 0.610625 0.952449 0.985289 0.979659 0.970385 0.982120 0.587594 0.552257 0.886270 0.962423 0.523697 0.521253 0.568263 0.550353 0.854451 0.657549 0.649130 0.953777 0.945264 0.617907 0.626345 0.696068 0.688915 0.538140 0.548797 0.655881 0.666577 0.749393
0.801786 0.960779 0.970644 0.925169 0.975501 0.970890 0.633599 0.964594 0.973350 0.977465 0.973843 0.980610 0.564631 0.576562 0.919011 0.952137 0.919335 0.802654 0.930979 0.943739 0.565332 0.941963 0.982216 0.933310 0.797782 0.938000 0.740038 0.967788 0.599533 0.934862 0.695074 0.897851 0.894476 0.675614 0.877994 0.952734 0.963938 0.894851 0.970766 0.975769 0.605463 0.945440 0.982045 0.975588 0.965155 0.978393 0.583474 0.549761 0.875894 0.956358 0.522552 0.520238 0.565043 0.547948 0.843527 0.650499 0.642320 0.946897 0.937712 0.612443 0.620527 0.687573 0.680690 0.536326 0.546457 0.648870 0.659117 0.739361
0.554402 0.622377 0.633300 0.596928 0.640005 0.633599 0.521425 0.626282 0.636889 0.643093 0.637559 0.648582 0.510159 0.512041 0.593731 0.614726 0.593909 0.554581 0.600222 0.608370 0.510253 0.607101 0.651715 0.601613 0.553390 0.604515 0.540742 0.629859 0.515755 0.602494 0.532148 0.584036 0.582637 0.528598 0.576493 0.615177 0.625566 0.582777 0.633485 0.640404 0.516716 0.609569 0.651340 0.640125 0.626841 0.644645 0.513117 0.507801 0.575641 0.618256 0.503524 0.503158 0.510219 0.507517 0.565468 0.524206 0.522825 0.610715 0.604373 0.517863 0.519207 0.530745 0.529507 0.505679 0.507286 0.523949 0.525728 0.540674
0.788779 0.953264 0.964333 0.914514 0.969890 0.964594 0.626282 0.957521 0.967437 0.972161 0.967981 0.975822 0.560955 0.572148 0.908016 0.943662 0.908308 0.789560 0.920759 0.934488 0.561577 0.932530 0.977705 0.923239 0.784781 0.928283 0.728246 0.961118 0.593958 0.924909 0.684931 0.885766 0.882299 0.666340 0.865365 0.944349 0.956756 0.882660 0.964460 0.970202 0.599526 0.936379 0.977503 0.969984 0.958117 0.973243 0.578679 0.546919 0.863166 0.948296 0.521257 0.519051 0.561289 0.545201 0.830331 0.642215 0.634572 0.937942 0.927964 0.606148 0.613822 0.677714 0.671045 0.534208 0.543807 0.640715 0.650561 0.727612
0.807559 0.963831 0.973133 0.929584 0.977694 0.973350 0.636889 0.967437 0.975691 0.979532 0.976138 0.982463 0.566286 0.578448 0.923627 0.955561 0.923889 0.808370 0.935247 0.947521 0.566986 0.945793 0.983954 0.937479 0.803524 0.942004 0.745214 0.970456 0.602068 0.938992 0.699582 0.902911 0.899639 0.679857 0.883446 0.956164 0.966797 0.899980 0.973235 0.977947 0.608092 0.949193 0.983796 0.977771 0.967946 0.980402 0.585563 0.551044 0.881370 0.959578 0.523144 0.520745 0.566660 0.549178 0.849227 0.654070 0.645869 0.950556 0.941714 0.615231 0.623499 0.691949 0.684863 0.537236 0.547662 0.652446 0.662981 0.744511
0.817959 0.968901 0.977266 0.937227 0.981306 0.977465 0.643093 0.972161 0.979532 0.982922 0.979932 0.985483 0.569412 0.582151 0.931595 0.961383 0.931864 0.818792 0.942535 0.953975 0.570155 0.952379 0.986778 0.944632 0.813902 0.948851 0.754830 0.974871 0.606793 0.946031 0.708004 0.911853 0.908684 0.687595 0.893022 0.961920 0.971593 0.909019 0.977363 0.981528 0.613097 0.955506 0.986639 0.981376 0.972627 0.983684 0.589566 0.553461 0.890985 0.965055 0.524247 0.521742 0.569829 0.551515 0.859501 0.660946 0.652376 0.956785 0.948593 0.620534 0.629151 0.700120 0.692846 0.539020 0.549925 0.659253 0.670151 0.754147
0.808685 0.964409 0.973620 0.930460 0.978120 0.973843 0.637559 0.967981 0.976138 0.979932 0.976589 0.982822 0.566641 0.578910 0.924526 0.956238 0.924818 0.809539 0.936062 0.948264 0.567341 0.946568 0.984289 0.938293 0.804669 0.942793 0.746290 0.970965 0.602567 0.939803 0.700524 0.903941 0.900667 0.680672 0.884492 0.956819 0.967355 0.901032 0.973726 0.978370 0.608644 0.949897 0.984134 0.978198 0.968496 0.980786 0.586035 0.551318 0.882447 0.960227 0.523257 0.520864 0.567035 0.549440 0.850375 0.654898 0.646549 0.951259 0.942499 0.615838 0.624146 0.692873 0.685788 0.537449 0.547903 0.653232 0.663764 0.745561
0.826904 0.972856 0.980432 0.943400 0.984046 0.980610 0.648582 0.975822 0.982463 0.985483 0.982822 0.987747 0.572218 0.585449 0.938067 0.965962 0.938328 0.827736 0.948402 0.959100 0.572960 0.957621 0.988883 0.950378 0.822836 0.954330 0.763193 0.978275 0.610985 0.951695 0.715411 0.919196 0.916158 0.694437 0.900998 0.966458 0.975301 0.916490 0.980520 0.984245 0.617523 0.960522 0.988763 0.984107 0.976242 0.986157 0.593129 0.555636 0.899020 0.969340 0.525224 0.522623 0.572627 0.553602 0.868180 0.667013 0.658145 0.961702 0.954080 0.625256 0.634178 0.707330 0.699840 0.540600 0.551942 0.665262 0.676501 0.762479
0.525894 0.559008 0.564483 0.546468 0.567853 0.564631 0.510159 0.560955 0.566286 0.569412 0.566641 0.572218 0.504832 0.505728 0.544884 0.555206 0.544979 0.525988 0.548071 0.552056 0.504862 0.551478 0.573793 0.548769 0.525414 0.550191 0.519363 0.562738 0.507467 0.549235 0.515269 0.540152 0.539517 0.513576 0.536511 0.555457 0.560568 0.539608 0.564574 0.568062 0.507931 0.552662 0.573624 0.567903 0.561239 0.570191 0.506241 0.503713 0.536137 0.556974 0.501667 0.501499 0.504843 0.503570 0.531197 0.511504 0.510829 0.553164 0.550074 0.508495 0.509129 0.514621 0.514015 0.502695 0.503454 0.511371 0.512216 0.519290
0.530678 0.569850 0.576351 0.555074 0.580324 0.576562 0.512041 0.572148 0.578448 0.582151 0.578910 0.585449 0.505728 0.506819 0.553200 0.565399 0.553348 0.530825 0.556924 0.561697 0.505778 0.561021 0.587307 0.557759 0.530144 0.559474 0.522991 0.574256 0.508859 0.558336 0.518126 0.547672 0.546869 0.516106 0.543251 0.565641 0.571745 0.546994 0.576462 0.580570 0.509413 0.562335 0.587110 0.580398 0.572531 0.583051 0.507423 0.504400 0.542856 0.567522 0.501979 0.501784 0.505767 0.504235 0.536985 0.513696 0.512847 0.562970 0.559336 0.510077 0.510833 0.517356 0.516658 0.503209 0.504095 0.513520 0.514496 0.522894
0.724775 0.901707 0.918592 0.850918 0.927712 0.919011 0.593731 0.908016 0.923627 0.931595 0.924526 0.938067 0.544884 0.553200 0.843313 0.888096 0.843648 0.725475 0.858450 0.875847 0.545365 0.873266 0.941522 0.861488 0.721313 0.867849 0.673605 0.913530 0.569445 0.863600 0.638950 0.818467 0.814679 0.624454 0.796954 0.889009 0.906883 0.815060 0.918777 0.928242 0.573577 0.878277 0.941145 0.927875 0.908914 0.933478 0.558035 0.534508 0.794750 0.894560 0.515635 0.514004 0.545175 0.533254 0.762612 0.605902 0.600053 0.880380 0.867445 0.578527 0.584315 0.633267 0.628074 0.525165 0.532233 0.604747 0.612268 0.673093
0.767096 0.938649 0.951810 0.895131 0.958577 0.952137 0.614726 0.943662 0.955561 0.961383 0.956238 0.965962 0.555206 0.565399 0.888096 0.927580 0.888451 0.767884 0.901923 0.917181 0.555775 0.914996 0.968347 0.904665 0.763227 0.910247 0.709289 0.947939 0.585187 0.906495 0.668780 0.864516 0.860854 0.651500 0.843322 0.928333 0.942775 0.861248 0.951975 0.958959 0.590278 0.919270 0.968087 0.958695 0.944383 0.962725 0.571302 0.542474 0.841059 0.932913 0.519233 0.517247 0.555537 0.540923 0.807965 0.629366 0.622267 0.921072 0.909905 0.596321 0.603334 0.662070 0.655935 0.530976 0.539655 0.627972 0.636985 0.708717
0.725071 0.901991 0.918894 0.851270 0.927991 0.919335 0.593909 0.908308 0.923889 0.931864 0.924818 0.938328 0.544979 0.553348 0.843648 0.888451 0.844057 0.725814 0.858756 0.876190 0.545444 0.873642 0.941769 0.861833 0.721607 0.868200 0.673873 0.913816 0.569537 0.863937 0.639197 0.818843 0.815020 0.624586 0.797265 0.889310 0.907194 0.815444 0.919105 0.928518 0.573704 0.878553 0.941392 0.928154 0.909230 0.933734 0.558143 0.534579 0.795053 0.894926 0.515651 0.514036 0.545285 0.533321 0.762985 0.606137 0.600154 0.880706 0.867797 0.578690 0.584496 0.633496 0.628328 0.525226 0.532285 0.604953 0.612440 0.673372
0.636276 0.782409 0.802123 0.732240 0.813653 0.802654 0.554581 0.789560 0.808370 0.818792 0.809539 0.827736 0.525988 0.530825 0.725475 0.767884 0.725814 0.636756 0.739037 0.755490 0.526251 0.753036 0.832696 0.741875 0.633930 0.747795 0.603112 0.795992 0.540267 0.743793 0.581675 0.704621 0.701611 0.572851 0.687758 0.768834 0.788258 0.701942 0.802396 0.814338 0.542721 0.757903 0.832149 0.813861 0.790624 0.821337 0.533636 0.519971 0.686042 0.774692 0.509024 0.508095 0.526136 0.519235 0.662422 0.561786 0.558277 0.759993 0.747415 0.545643 0.549036 0.578238 0.575107 0.514547 0.518634 0.561094 0.565570 0.602790
0.738332 0.914818 0.930594 0.866012 0.938996 0.930979 0.600222 0.920759 0.935247 0.942535 0.936062 0.948402 0.548071 0.556924 0.858450 0.901923 0.858756 0.739037 0.873403 0.890145 0.548589 0.887715 0.951512 0.876362 0.734674 0.882443 0.684852 0.925893 0.574321 0.878344 0.648210 0.833711 0.830039 0.632889 0.812301 0.902869 0.919684 0.830404 0.930786 0.939473 0.578794 0.892598 0.951177 0.939143 0.921616 0.944252 0.562175 0.536981 0.810040 0.908059 0.516745 0.515007 0.548317 0.535622 0.777313 0.613106 0.606982 0.894544 0.882067 0.584065 0.590193 0.642261 0.636761 0.526944 0.534524 0.611900 0.619930 0.684294
0.754715 0.929075 0.943382 0.883085 0.950853 0.943739 0.608370 0.934488 0.947521 0.953975 0.948264 0.959100 0.552056 0.561697 0.875847 0.917181 0.876190 0.755490 0.890145 0.906181 0.552622 0.903843 0.961793 0.892985 0.750985 0.898867 0.698703 0.939149 0.580432 0.894936 0.659855 0.851735 0.847971 0.643409 0.830217 0.917974 0.933535 0.848359 0.943545 0.951280 0.585210 0.908363 0.961500 0.950988 0.935264 0.955475 0.567278 0.540037 0.827984 0.922887 0.518148 0.516261 0.552409 0.538586 0.794912 0.622324 0.615591 0.910280 0.898505 0.590909 0.597565 0.653429 0.647572 0.529215 0.537399 0.620993 0.629557 0.698145
0.526140 0.559608 0.565155 0.546978 0.568590 0.565332 0.510253 0.561577 0.566986 0.570155 0.567341 0.572960 0.504862 0.505778 0.545365 0.555775 0.545444 0.526251 0.548589 0.552622 0.504933 0.552013 0.574593 0.549264 0.525678 0.550692 0.519602 0.563381 0.507565 0.549706 0.515423 0.540634 0.539948 0.513745 0.536904 0.556019 0.561259 0.540011 0.565244 0.568788 0.508036 0.553232 0.574406 0.568669 0.561912 0.570946 0.506324 0.503735 0.536542 0.557567 0.501695 0.501521 0.504905 0.503602 0.531507 0.511638 0.510976 0.553776 0.550629 0.508569 0.509204 0.514770 0.514193 0.502730 0.503492 0.511504 0.512345 0.519544
0.752230 0.927021 0.941590 0.880626 0.949200 0.941963 0.607101 0.932530 0.945793 0.952379 0.946568 0.957621 0.551478 0.561021 0.873266 0.914996 0.873642 0.753036 0.887715 0.903843 0.552013 0.901560 0.960368 0.890607 0.748506 0.896492 0.696620 0.937260 0.579469 0.892561 0.658070 0.849026 0.845335 0.641758 0.827538 0.915829 0.931555 0.845759 0.941774 0.949633 0.584260 0.906083 0.960076 0.949335 0.933348 0.953905 0.566572 0.539606 0.825343 0.920792 0.517918 0.516082 0.551774 0.538147 0.792273 0.620959 0.614245 0.907963 0.896101 0.589932 0.596481 0.651779 0.645981 0.528879 0.536951 0.619614 0.628070 0.695984
0.831865 0.974898 0.982048 0.946683 0.985437 0.982216 0.651715 0.977705 0.983954 0.986778 0.984289 0.988883 0.573793 0.587307 0.941522 0.968347 0.941769 0.832696 0.951512 0.961793 0.574593 0.960368 0.989939 0.953408 0.827803 0.957207 0.767930 0.980019 0.613415 0.954666 0.719601 0.923173 0.920188 0.698355 0.905343 0.968817 0.977219 0.920500 0.982131 0.985621 0.620082 0.963155 0.989827 0.985496 0.978104 0.987407 0.595170 0.556854 0.903389 0.971560 0.525801 0.523135 0.574245 0.554790 0.872947 0.670463 0.661475 0.964294 0.956981 0.627925 0.637017 0.711400 0.703836 0.541511 0.553105 0.668692 0.680116 0.767244
0.741148 0.917374 0.932925 0.869032 0.941165 0.933310 0.601613 0.923239 0.937479 0.944632 0.938293 0.950378 0.548769 0.557759 0.861488 0.904665 0.861833 0.741875 0.876362 0.892985 0.549264 0.890607 0.953408 0.879329 0.737452 0.885363 0.687200 0.928292 0.575330 0.881295 0.650186 0.836812 0.833154 0.634623 0.815405 0.905585 0.922175 0.833549 0.933128 0.941633 0.579886 0.895397 0.953083 0.941306 0.924090 0.946308 0.563051 0.537523 0.813135 0.910737 0.516969 0.515222 0.549002 0.536133 0.780366 0.614670 0.608397 0.897329 0.884976 0.585264 0.591474 0.644173 0.638608 0.527330 0.535008 0.613435 0.621547 0.686625
0.633468 0.777701 0.797271 0.727942 0.808767 0.797782 0.553390 0.784781 0.803524 0.813902 0.804669 0.822836 0.525414 0.530144 0.721313 0.763227 0.721607 0.633930 0.734674 0.750985 0.525678 0.748506 0.827803 0.737452 0.631194 0.743354 0.600937 0.791186 0.539407 0.739403 0.579941 0.700750 0.697761 0.571333 0.684082 0.764174 0.783480 0.698072 0.797500 0.809461 0.541778 0.753362 0.827258 0.808975 0.785810 0.816449 0.532897 0.519526 0.682429 0.769980 0.508833 0.507914 0.525570 0.518811 0.659134 0.560463 0.557050 0.755421 0.742960 0.544630 0.547960 0.576563 0.573477 0.514227 0.518229 0.559786 0.564178 0.600610
0.747041 0.922622 0.937631 0.875232 0.945531 0.938000 0.604515 0.928283 0.942004 0.948851 0.942793 0.954330 0.550191 0.559474 0.867849 0.910247 0.868200 0.747795 0.882443 0.898867 0.550692 0.896492 0.957207 0.885363 0.743354 0.891377 0.692159 0.933171 0.577513 0.887373 0.654383 0.843414 0.839688 0.638416 0.821872 0.911096 0.927258 0.840098 0.937804 0.945988 0.582139 0.901143 0.956899 0.945667 0.929089 0.950448 0.564855 0.538606 0.819652 0.916172 0.517471 0.515663 0.550477 0.537187 0.786711 0.618002 0.611481 0.903072 0.890970 0.587684 0.594104 0.648175 0.642452 0.528140 0.536031 0.616709 0.625014 0.691562
0.602715 0.721924 0.739528 0.679218 0.750082 0.740038 0.540742 0.728246 0.745214 0.754830 0.746290 0.763193 0.519363 0.522991 0.673605 0.709289 0.673873 0.603112 0.684852 0.698703 0.519602 0.696620 0.767930 0.687200 0.600937 0.692159 0.577408 0.733984 0.530068 0.688790 0.561125 0.656657 0.654199 0.554511 0.643075 0.710108 0.727154 0.654446 0.739775 0.750704 0.531910 0.700758 0.767402 0.750297 0.729246 0.757200 0.525125 0.514877 0.641746 0.715203 0.506738 0.506043 0.519504 0.514339 0.623038 0.546194 0.543570 0.702554 0.691879 0.534061 0.536592 0.558547 0.556225 0.510855 0.513895 0.545667 0.549010 0.577162
0.795204 0.957086 0.967543 0.919839 0.972751 0.967788 0.629859 0.961118 0.970456 0.974871 0.970965 0.978275 0.562738 0.574256 0.913530 0.947939 0.913816 0.795992 0.925893 0.939149 0.563381 0.937260 0.980019 0.928292 0.791186 0.933171 0.733984 0.964517 0.596674 0.929909 0.689881 0.891777 0.888354 0.670881 0.871652 0.948588 0.960397 0.888709 0.967661 0.973043 0.602385 0.940956 0.979832 0.972839 0.961681 0.975879 0.580958 0.548294 0.869476 0.952362 0.521888 0.519614 0.563094 0.546530 0.836857 0.646195 0.638352 0.942465 0.932865 0.609183 0.617068 0.682498 0.675687 0.535220 0.545098 0.644658 0.654738 0.733352
0.540124 0.591010 0.599301 0.571848 0.604439 0.599533 0.515755 0.593958 0.602068 0.606793 0.602567 0.610985 0.507467 0.508859 0.569445 0.585187 0.569537 0.540267 0.574321 0.580432 0.507565 0.579469 0.613415 0.575330 0.539407 0.577513 0.530068 0.596674 0.511620 0.576015 0.523682 0.562224 0.561178 0.521114 0.556562 0.585563 0.593445 0.561261 0.599408 0.604744 0.512324 0.581364 0.613134 0.604547 0.594408 0.607985 0.509687 0.505734 0.555987 0.587867 0.502603 0.502329 0.507526 0.505531 0.548317 0.517848 0.516856 0.582186 0.577410 0.513146 0.514129 0.522665 0.521758 0.504185 0.505364 0.517654 0.518963 0.529992
0.743041 0.919128 0.934490 0.871062 0.942612 0.934862 0.602494 0.924909 0.938992 0.946031 0.939803 0.951695 0.549235 0.558336 0.863600 0.906495 0.863937 0.743793 0.878344 0.894936 0.549706 0.892561 0.954666 0.881295 0.739403 0.887373 0.688790 0.929909 0.576015 0.883363 0.651552 0.839018 0.835349 0.635877 0.817481 0.907399 0.923840 0.835774 0.934658 0.943086 0.580564 0.897279 0.954357 0.942747 0.925734 0.947677 0.563647 0.537877 0.815329 0.912539 0.517124 0.515359 0.549474 0.536468 0.782394 0.615796 0.609396 0.899165 0.886917 0.586033 0.592320 0.645491 0.639819 0.527589 0.535324 0.614510 0.622683 0.688112
0.581374 0.679529 0.694653 0.643529 0.703820 0.695074 0.532148 0.684931 0.699582 0.708004 0.700524 0.715411 0.515269 0.518126 0.638950 0.668780 0.639197 0.581675 0.648210 0.659855 0.515423 0.658070 0.719601 0.650186 0.579941 0.654383 0.561125 0.689881 0.523682 0.651552 0.548268 0.625001 0.622958 0.542984 0.613886 0.669418 0.683953 0.623182 0.694857 0.704380 0.525115 0.661509 0.719128 0.703991 0.685730 0.710090 0.519756 0.511726 0.612773 0.673784 0.505301 0.504752 0.515374 0.511299 0.597712 0.536427 0.534319 0.663069 0.654117 0.526842 0.528860 0.546191 0.544325 0.508547 0.510947 0.536013 0.538661 0.560948
0.703902 0.878966 0.897357 0.826111 0.907491 0.897851 0.584036 0.885766 0.902911 0.911853 0.903941 0.919196 0.540152 0.547672 0.818467 0.864516 0.818843 0.704621 0.833711 0.851735 0.540634 0.849026 0.923173 0.836812 0.700750 0.843414 0.656657 0.891777 0.562224 0.839018 0.625001 0.793864 0.790006 0.611830 0.772591 0.865394 0.884606 0.790392 0.897553 0.908086 0.565920 0.854144 0.922734 0.907691 0.886778 0.913972 0.551989 0.530851 0.770521 0.871391 0.514000 0.512541 0.540501 0.529752 0.739628 0.595147 0.589767 0.856428 0.843017 0.570341 0.575567 0.619811 0.615156 0.522544 0.528841 0.594066 0.600799 0.656198
0.700929 0.875431 0.893998 0.822398 0.904262 0.894476 0.582637 0.882299 0.899639 0.908684 0.900667 0.916158 0.539517 0.546869 0.814679 0.860854 0.815020 0.701611 0.830039 0.847971 0.539948 0.845335 0.920188 0.833154 0.697761 0.839688 0.654199 0.888354 0.561178 0.835349 0.622958 0.790006 0.786333 0.610020 0.769040 0.861851 0.881065 0.786726 0.894203 0.904867 0.564853 0.850528 0.919759 0.904450 0.883312 0.910840 0.551170 0.530381 0.766996 0.867767 0.513754 0.512330 0.539763 0.529268 0.736252 0.593530 0.588306 0.852671 0.839239 0.569239 0.574344 0.617922 0.613279 0.522152 0.528358 0.592476 0.599148 0.653659
0.572595 0.661411 0.675250 0.628605 0.683732 0.675614 0.528598 0.666340 0.679857 0.687595 0.680672 0.694437 0.513576 0.516106 0.624454 0.651500 0.624586 0.572851 0.632889 0.643409 0.513745 0.641758 0.698355 0.634623 0.571333 0.638416 0.554511 0.670881 0.521114 0.635877 0.542984 0.611830 0.610020 0.538358 0.601837 0.652172 0.665447 0.610175 0.675385 0.684250 0.522379 0.645012 0.697923 0.683901 0.667069 0.689543 0.517613 0.510428 0.600885 0.656061 0.504731 0.504232 0.513672 0.510052 0.587205 0.532427 0.530631 0.646345 0.638180 0.523884 0.525669 0.541154 0.539483 0.507605 0.509748 0.532067 0.534448 0.554326
0.687178 0.858250 0.877512 0.804631 0.888326 0.877994 0.576493 0.865365 0.883446 0.893022 0.884492 0.900998 0.536511 0.543251 0.796954 0.843322 0.797265 0.687758 0.812301 0.830217 0.536904 0.827538 0.905343 0.815405 0.684082 0.821872 0.643075 0.871652 0.556562 0.817481 0.613886 0.772591 0.769040 0.601837 0.752387 0.844372 0.864067 0.769378 0.877756 0.888952 0.559977 0.832890 0.904862 0.888519 0.866389 0.895334 0.547237 0.528069 0.750247 0.850331 0.512707 0.511382 0.536708 0.527041 0.720792 0.586418 0.581682 0.835084 0.821492 0.564016 0.568737 0.609174 0.604862 0.520445 0.526212 0.585497 0.591737 0.642672
0.768080 0.939370 0.952424 0.896066 0.959141 0.952734 0.615177 0.944349 0.956164 0.961920 0.956819 0.966458 0.555457 0.565641 0.889009 0.928333 0.889310 0.768834 0.902869 0.917974 0.556019 0.915829 0.968817 0.905585 0.764174 0.911096 0.710108 0.948588 0.585563 0.907399 0.669418 0.865394 0.861851 0.652172 0.844372 0.929158 0.943441 0.862226 0.952582 0.959520 0.590697 0.920150 0.968567 0.959254 0.945058 0.963255 0.571658 0.542686 0.842129 0.933631 0.519317 0.517321 0.555710 0.541105 0.808933 0.629832 0.622841 0.921851 0.910735 0.596765 0.603765 0.662758 0.656552 0.531092 0.539829 0.628453 0.637556 0.709461
0.787436 0.952449 0.963660 0.913424 0.969293 0.963938 0.625566 0.956756 0.966797 0.971593 0.967355 0.975301 0.560568 0.571745 0.906883 0.942775 0.907194 0.788258 0.919684 0.933535 0.561259 0.931555 0.977219 0.922175 0.783480 0.927258 0.727154 0.960397 0.593445 0.923840 0.683953 0.884606 0.881065 0.665447 0.864067 0.943441 0.956015 0.881419 0.963793 0.969605 0.598995 0.935410 0.977010 0.969395 0.957382 0.972688 0.578257 0.546613 0.861874 0.947460 0.521149 0.518956 0.560981 0.544931 0.829002 0.641491 0.633844 0.937028 0.926969 0.605525 0.613160 0.676756 0.670198 0.534032 0.543553 0.639983 0.649730 0.726562
0.701234 0.875794 0.894365 0.822792 0.904606 0.894851 0.582777 0.882660 0.899980 0.909019 0.901032 0.916490 0.539608 0.546994 0.815060 0.861248 0.815444 0.701942 0.830404 0.848359 0.540011 0.845759 0.920500 0.833549 0.698072 0.840098 0.654446 0.888709 0.561261 0.835774 0.623182 0.790392 0.786726 0.610175 0.769378 0.862226 0.881419 0.787161 0.894578 0.905213 0.564955 0.850878 0.920079 0.904788 0.883682 0.911162 0.551275 0.530452 0.767365 0.868178 0.513767 0.512354 0.539842 0.529327 0.736608 0.593735 0.588422 0.853012 0.839613 0.569387 0.574504 0.618147 0.613486 0.522199 0.528403 0.592655 0.599317 0.653866
0.801552 0.960631 0.970522 0.924958 0.975393 0.970766 0.633485 0.964460 0.973235 0.977363 0.973726 0.980520 0.564574 0.576462 0.918777 0.951975 0.919105 0.802396 0.930786 0.943545 0.565244 0.941774 0.982131 0.933128 0.797500 0.937804 0.739775 0.967661 0.599408 0.934658 0.694857 0.897553 0.894203 0.675385 0.877756 0.952582 0.963793 0.894578 0.970652 0.975660 0.605353 0.945268 0.981958 0.975477 0.965018 0.978295 0.583358 0.549722 0.875606 0.956198 0.522518 0.520211 0.564945 0.547900 0.843283 0.650274 0.642131 0.946725 0.937520 0.612342 0.620409 0.687364 0.680479 0.536274 0.546408 0.648669 0.658928 0.739126
0.813498 0.966793 0.975560 0.934020 0.979820 0.975769 0.640404 0.970202 0.977947 0.981528 0.978370 0.984245 0.568062 0.580570 0.928242 0.958959 0.928518 0.814338 0.939473 0.951280 0.568788 0.949633 0.985621 0.941633 0.809461 0.945988 0.750704 0.973043 0.604744 0.943086 0.704380 0.908086 0.904867 0.684250 0.888952 0.959520 0.969605 0.905213 0.975660 0.980055 0.610934 0.952863 0.985475 0.979893 0.970690 0.982334 0.587851 0.552417 0.886913 0.962782 0.523767 0.521314 0.568468 0.550505 0.855123 0.658007 0.649558 0.954180 0.945712 0.618249 0.626716 0.696609 0.689421 0.538254 0.548942 0.656329 0.667056 0.749996
0.542554 0.596382 0.605193 0.576193 0.610625 0.605463 0.516716 0.599526 0.608092 0.613097 0.608644 0.617523 0.507931 0.509413 0.573577 0.590278 0.573704 0.542721 0.578794 0.585210 0.508036 0.584260 0.620082 0.579886 0.541778 0.582139 0.531910 0.602385 0.512324 0.580564 0.525115 0.565920 0.564853 0.522379 0.559977 0.590697 0.598995 0.564955 0.605353 0.610934 0.513100 0.586233 0.619790 0.610740 0.600051 0.614347 0.510304 0.506096 0.559363 0.593125 0.502759 0.502478 0.507982 0.505874 0.551246 0.518939 0.517875 0.587076 0.582040 0.513975 0.515005 0.524060 0.523114 0.504445 0.505692 0.518729 0.520108 0.531819
0.757180 0.931041 0.945106 0.885536 0.952449 0.945440 0.609569 0.936379 0.949193 0.955506 0.949897 0.960522 0.552662 0.562335 0.878277 0.919270 0.878553 0.757903 0.892598 0.908363 0.553232 0.906083 0.963155 0.895397 0.753362 0.901143 0.700758 0.940956 0.581364 0.897279 0.661509 0.854144 0.850528 0.645012 0.832890 0.920150 0.935410 0.850878 0.945268 0.952863 0.586233 0.910661 0.962873 0.952576 0.937138 0.956983 0.568086 0.540524 0.830629 0.924886 0.518360 0.516448 0.552928 0.539036 0.797454 0.623554 0.616941 0.912458 0.900787 0.591974 0.598650 0.655100 0.649153 0.529527 0.537838 0.622253 0.630974 0.700159
0.831312 0.974679 0.981876 0.946330 0.985289 0.982045 0.651340 0.977503 0.983796 0.986639 0.984134 0.988763 0.573624 0.587110 0.941145 0.968087 0.941392 0.832149 0.951177 0.961500 0.574406 0.960076 0.989827 0.953083 0.827258 0.956899 0.767402 0.979832 0.613134 0.954357 0.719128 0.922734 0.919759 0.697923 0.904862 0.968567 0.977010 0.920079 0.981958 0.985475 0.619790 0.962873 0.989714 0.985347 0.977905 0.987273 0.594963 0.556728 0.902929 0.971321 0.525732 0.523078 0.574053 0.554658 0.872410 0.670089 0.661105 0.964003 0.956660 0.627638 0.636704 0.710963 0.703387 0.541408 0.552969 0.668308 0.679712 0.766671
0.813008 0.966556 0.975372 0.933679 0.979659 0.975588 0.640125 0.969984 0.977771 0.981376 0.978198 0.984107 0.567903 0.580398 0.927875 0.958695 0.928154 0.813861 0.939143 0.950988 0.568669 0.949335 0.985496 0.941306 0.808975 0.945667 0.750297 0.972839 0.604547 0.942747 0.703991 0.907691 0.904450 0.683901 0.888519 0.959254 0.969395 0.904788 0.975477 0.979893 0.610740 0.952576 0.985347 0.979735 0.970483 0.982187 0.587689 0.552293 0.886469 0.962535 0.523726 0.521278 0.568340 0.550397 0.854654 0.657708 0.649279 0.953910 0.945408 0.618005 0.626449 0.696233 0.689101 0.538184 0.548843 0.656034 0.666724 0.749618
0.789789 0.953887 0.964882 0.915428 0.970385 0.965155 0.626841 0.958117 0.967946 0.972627 0.968496 0.976242 0.561239 0.572531 0.908914 0.944383 0.909230 0.790624 0.921616 0.935264 0.561912 0.933348 0.978104 0.924090 0.785810 0.929089 0.729246 0.961681 0.594408 0.925734 0.685730 0.886778 0.883312 0.667069 0.866389 0.945058 0.957382 0.883682 0.965018 0.970690 0.600051 0.937138 0.977905 0.970483 0.958737 0.973693 0.579133 0.547143 0.864225 0.948997 0.521365 0.519165 0.561608 0.545422 0.831392 0.642932 0.635200 0.938696 0.928787 0.606677 0.614362 0.678527 0.671902 0.534398 0.544015 0.641397 0.651230 0.728591
0.820518 0.970068 0.978202 0.939023 0.982120 0.978393 0.644645 0.973243 0.980402 0.983684 0.980786 0.986157 0.570191 0.583051 0.933478 0.962725 0.933734 0.821337 0.944252 0.955475 0.570946 0.953905 0.987407 0.946308 0.816449 0.950448 0.757200 0.975879 0.607985 0.947677 0.710090 0.913972 0.910840 0.689543 0.895334 0.963255 0.972688 0.911162 0.978295 0.982334 0.614347 0.956983 0.987273 0.982187 0.973693 0.984421 0.590554 0.554064 0.893299 0.966309 0.524527 0.521987 0.570607 0.552098 0.861988 0.662626 0.654020 0.958234 0.950199 0.621849 0.630551 0.702142 0.694807 0.539458 0.550496 0.660932 0.671943 0.756528
0.533476 0.576174 0.583244 0.560138 0.587594 0.583474 0.513117 0.578679 0.585563 0.589566 0.586035 0.593129 0.506241 0.507423 0.558035 0.571302 0.558143 0.533636 0.562175 0.567278 0.506324 0.566572 0.595170 0.563051 0.532897 0.564855 0.525125 0.580958 0.509687 0.563647 0.519756 0.551989 0.551170 0.517613 0.547237 0.571658 0.578257 0.551275 0.583358 0.587851 0.510304 0.568086 0.594963 0.587689 0.579133 0.590554 0.508138 0.504800 0.546837 0.573611 0.502168 0.501953 0.506278 0.504620 0.540332 0.514934 0.514067 0.568689 0.564725 0.511003 0.511806 0.518953 0.518202 0.503501 0.504470 0.514747 0.515819 0.524994
0.519898 0.545411 0.549647 0.535743 0.552257 0.549761 0.507801 0.546919 0.551044 0.553461 0.551318 0.555636 0.503713 0.504400 0.534508 0.542474 0.534579 0.519971 0.536981 0.540037 0.503735 0.539606 0.556854 0.537523 0.519526 0.538606 0.514877 0.548294 0.505734 0.537877 0.511726 0.530851 0.530381 0.510428 0.528069 0.542686 0.546613 0.530452 0.549722 0.552417 0.506096 0.540524 0.556728 0.552293 0.547143 0.554064 0.504800 0.502855 0.527784 0.543841 0.501280 0.501152 0.503716 0.502743 0.523974 0.508833 0.508319 0.540890 0.538511 0.506530 0.507014 0.511235 0.510768 0.502070 0.502653 0.508732 0.509382 0.514813
0.685406 0.856049 0.875398 0.802422 0.886270 0.875894 0.575641 0.863166 0.881370 0.890985 0.882447 0.899020 0.536137 0.542856 0.794750 0.841059 0.795053 0.686042 0.810040 0.827984 0.536542 0.825343 0.903389 0.813135 0.682429 0.819652 0.641746 0.869476 0.555987 0.815329 0.612773 0.770521 0.766996 0.600885 0.750247 0.842129 0.861874 0.767365 0.875606 0.886913 0.559363 0.830629 0.902929 0.886469 0.864225 0.893299 0.546837 0.527784 0.748305 0.848134 0.512578 0.511275 0.536346 0.526762 0.718792 0.585660 0.580906 0.832737 0.819193 0.563375 0.568041 0.608155 0.603863 0.520251 0.525930 0.584694 0.590844 0.641209
0.773857 0.943515 0.956041 0.901456 0.962423 0.956358 0.618256 0.948296 0.959578 0.965055 0.960227 0.969340 0.556974 0.567522 0.894560 0.932913 0.894926 0.774692 0.908059 0.922887 0.557567 0.920792 0.971560 0.910737 0.769980 0.916172 0.715203 0.952362 0.587867 0.912539 0.673784 0.871391 0.867767 0.656061 0.850331 0.933631 0.947460 0.868178 0.956198 0.962782 0.593125 0.924886 0.971321 0.962535 0.948997 0.966309 0.573611 0.543841 0.848134 0.938051 0.519849 0.517811 0.557328 0.542238 0.815032 0.633403 0.626038 0.926620 0.915825 0.599360 0.606576 0.666932 0.660652 0.531985 0.540920 0.631939 0.641167 0.714570
0.508991 0.520578 0.522496 0.516180 0.523697 0.522552 0.503524 0.521257 0.523144 0.524247 0.523257 0.525224 0.501667 0.501979 0.515635 0.519233 0.515651 0.509024 0.516745 0.518148 0.501695 0.517918 0.525801 0.516969 0.508833 0.517471 0.506738 0.521888 0.502603 0.517124 0.505301 0.514000 0.513754 0.504731 0.512707 0.519317 0.521149 0.513767 0.522518 0.523767 0.502759 0.518360 0.525732 0.523726 0.521365 0.524527 0.502168 0.501280 0.512578 0.519849 0.500584 0.500521 0.501685 0.501236 0.510838 0.503995 0.503778 0.518555 0.517455 0.502937 0.503157 0.505071 0.504872 0.500937 0.501200 0.503952 0.504245 0.506724
0.508055 0.518433 0.520177 0.514513 0.521253 0.520238 0.503158 0.519051 0.520745 0.521742 0.520864 0.522623 0.501499 0.501784 0.514004 0.517247 0.514036 0.508095 0.515007 0.516261 0.501521 0.516082 0.523135 0.515222 0.507914 0.515663 0.506043 0.519614 0.502329 0.515359 0.504752 0.512541 0.512330 0.504232 0.511382 0.517321 0.518956 0.512354 0.520211 0.521314 0.502478 0.516448 0.523078 0.521278 0.519165 0.521987 0.501953 0.501152 0.511275 0.517811 0.500521 0.500470 0.501512 0.501110 0.509716 0.503591 0.503379 0.516616 0.515642 0.502643 0.502838 0.504554 0.504378 0.500842 0.501075 0.503547 0.503803 0.506022
0.526018 0.559336 0.564861 0.546735 0.568263 0.565043 0.510219 0.561289 0.566660 0.569829 0.567035 0.572627 0.504843 0.505767 0.545175 0.555537 0.545285 0.526136 0.548317 0.552409 0.504905 0.551774 0.574245 0.549002 0.525570 0.550477 0.519504 0.563094 0.507526 0.549474 0.515374 0.540501 0.539763 0.513672 0.536708 0.555710 0.560981 0.539842 0.564945 0.568468 0.507982 0.552928 0.574053 0.568340 0.561608 0.570607 0.506278 0.503716 0.536346 0.557328 0.501685 0.501512 0.504899 0.503586 0.531379 0.511608 0.510908 0.553535 0.550406 0.508523 0.509170 0.514700 0.514125 0.502721 0.503475 0.511468 0.512296 0.519460
0.519163 0.543750 0.547832 0.534432 0.550353 0.547948 0.507517 0.545201 0.549178 0.551515 0.549440 0.553602 0.503570 0.504235 0.533254 0.540923 0.533321 0.519235 0.535622 0.538586 0.503602 0.538147 0.554790 0.536133 0.518811 0.537187 0.514339 0.546530 0.505531 0.536468 0.511299 0.529752 0.529268 0.510052 0.527041 0.541105 0.544931 0.529327 0.547900 0.550505 0.505874 0.539036 0.554658 0.550397 0.545422 0.552098 0.504620 0.502743 0.526762 0.542238 0.501236 0.501110 0.503586 0.502640 0.523096 0.508514 0.508021 0.539424 0.537118 0.506281 0.506750 0.510817 0.510378 0.501996 0.502556 0.508417 0.509040 0.514293
0.661886 0.823015 0.843001 0.769947 0.854451 0.843527 0.565468 0.830331 0.849227 0.859501 0.850375 0.868180 0.531197 0.536985 0.762612 0.807965 0.762985 0.662422 0.777313 0.794912 0.531507 0.792273 0.872947 0.780366 0.659134 0.786711 0.623038 0.836857 0.548317 0.782394 0.597712 0.739628 0.736252 0.587205 0.720792 0.808933 0.829002 0.736608 0.843283 0.855123 0.551246 0.797454 0.872410 0.854654 0.831392 0.861988 0.540332 0.523974 0.718792 0.815032 0.510838 0.509716 0.531379 0.523096 0.692045 0.574008 0.569835 0.799714 0.786335 0.554738 0.558807 0.593599 0.589883 0.517464 0.522380 0.573200 0.578547 0.622715
0.561500 0.637886 0.650108 0.609506 0.657549 0.650499 0.524206 0.642215 0.654070 0.660946 0.654898 0.667013 0.511504 0.513696 0.605902 0.629366 0.606137 0.561786 0.613106 0.622324 0.511638 0.620959 0.670463 0.614670 0.560463 0.618002 0.546194 0.646195 0.517848 0.615796 0.536427 0.595147 0.593530 0.532427 0.586418 0.629832 0.641491 0.593735 0.650274 0.658007 0.518939 0.623554 0.670089 0.657708 0.642932 0.662626 0.514934 0.508833 0.585660 0.633403 0.503995 0.503591 0.511608 0.508514 0.574008 0.527542 0.525882 0.624789 0.617769 0.520241 0.521761 0.534875 0.533487 0.506456 0.508243 0.527196 0.529159 0.546013
0.558068 0.630466 0.642007 0.603472 0.649130 0.642320 0.522825 0.634572 0.645869 0.652376 0.646549 0.658145 0.510829 0.512847 0.600053 0.622267 0.600154 0.558277 0.606982 0.615591 0.510976 0.614245 0.661475 0.608397 0.557050 0.611481 0.543570 0.638352 0.516856 0.609396 0.534319 0.589767 0.588306 0.530631 0.581682 0.622841 0.633844 0.588422 0.642131 0.649558 0.517875 0.616941 0.661105 0.649279 0.635200 0.654020 0.514067 0.508319 0.580906 0.626038 0.503778 0.503379 0.510908 0.508021 0.569835 0.525882 0.524462 0.618032 0.611309 0.519065 0.520484 0.532865 0.531540 0.506070 0.507779 0.525596 0.527498 0.543424
0.759250 0.932666 0.946552 0.887549 0.953777 0.946897 0.610715 0.937942 0.950556 0.956785 0.951259 0.961702 0.553164 0.562970 0.880380 0.921072 0.880706 0.759993 0.894544 0.910280 0.553776 0.907963 0.964294 0.897329 0.755421 0.903072 0.702554 0.942465 0.582186 0.899165 0.663069 0.856428 0.852671 0.646345 0.835084 0.921851 0.937028 0.853012 0.946725 0.954180 0.587076 0.912458 0.964003 0.953910 0.938696 0.958234 0.568689 0.540890 0.832737 0.926620 0.518555 0.516616 0.553535 0.539424 0.799714 0.624789 0.618032 0.914379 0.902782 0.592834 0.599617 0.656506 0.650596 0.529842 0.538229 0.623484 0.632233 0.702107
0.746669 0.922279 0.937332 0.874844 0.945264 0.937712 0.604373 0.927964 0.941714 0.948593 0.942499 0.954080 0.550074 0.559336 0.867445 0.909905 0.867797 0.747415 0.882067 0.898505 0.550629 0.896101 0.956981 0.884976 0.742960 0.890970 0.691879 0.932865 0.577410 0.886917 0.654117 0.843017 0.839239 0.638180 0.821492 0.910735 0.926969 0.839613 0.937520 0.945712 0.582040 0.900787 0.956660 0.945408 0.928787 0.950199 0.564725 0.538511 0.819193 0.915825 0.517455 0.515642 0.550406 0.537118 0.786335 0.617769 0.611309 0.902782 0.890634 0.587511 0.593919 0.647890 0.642248 0.528096 0.535980 0.616507 0.624790 0.691388
0.545466 0.602811 0.612171 0.581304 0.617907 0.612443 0.517863 0.606148 0.615231 0.620534 0.615838 0.625256 0.508495 0.510077 0.578527 0.596321 0.578690 0.545643 0.584065 0.590909 0.508569 0.589932 0.627925 0.585264 0.544630 0.587684 0.534061 0.609183 0.513146 0.586033 0.526842 0.570341 0.569239 0.523884 0.564016 0.596765 0.605525 0.569387 0.612342 0.618249 0.513975 0.591974 0.627638 0.618005 0.606677 0.621849 0.511003 0.506530 0.563375 0.599360 0.502937 0.502643 0.508523 0.506281 0.554738 0.520241 0.519065 0.592834 0.587511 0.514949 0.516054 0.525717 0.524675 0.504747 0.506078 0.520007 0.521483 0.533933
0.548849 0.610272 0.620241 0.587242 0.626345 0.620527 0.519207 0.613822 0.623499 0.629151 0.624146 0.634178 0.509129 0.510833 0.584315 0.603334 0.584496 0.549036 0.590193 0.597565 0.509204 0.596481 0.637017 0.591474 0.547960 0.594104 0.536592 0.617068 0.514129 0.592320 0.528860 0.575567 0.574344 0.525669 0.568737 0.603765 0.613160 0.574504 0.620409 0.626716 0.515005 0.598650 0.636704 0.626449 0.614362 0.630551 0.511806 0.507014 0.568041 0.606576 0.503157 0.502838 0.509170 0.506750 0.558807 0.521761 0.520484 0.599617 0.593919 0.516054 0.517254 0.527629 0.526506 0.505102 0.506533 0.521510 0.523095 0.536471
0.577935 0.672471 0.687157 0.637751 0.696068 0.687573 0.530745 0.677714 0.691949 0.700120 0.692873 0.707330 0.514621 0.517356 0.633267 0.662070 0.633496 0.578238 0.642261 0.653429 0.514770 0.651779 0.711400 0.644173 0.576563 0.648175 0.558547 0.682498 0.522665 0.645491 0.546191 0.619811 0.617922 0.541154 0.609174 0.662758 0.676756 0.618147 0.687364 0.696609 0.524060 0.655100 0.710963 0.696233 0.678527 0.702142 0.518953 0.511235 0.608155 0.666932 0.505071 0.504554 0.514700 0.510817 0.593599 0.534875 0.532865 0.656506 0.647890 0.525717 0.527629 0.544245 0.542455 0.508183 0.510474 0.534469 0.537004 0.558324
0.574788 0.665938 0.680238 0.632438 0.688915 0.680690 0.529507 0.671045 0.684863 0.692846 0.685788 0.699840 0.514015 0.516658 0.628074 0.655935 0.628328 0.575107 0.636761 0.647572 0.514193 0.645981 0.703836 0.638608 0.573477 0.642452 0.556225 0.675687 0.521758 0.639819 0.544325 0.615156 0.613279 0.539483 0.604862 0.656552 0.670198 0.613486 0.680479 0.689421 0.523114 0.649153 0.703387 0.689101 0.671902 0.694807 0.518202 0.510768 0.603863 0.660652 0.504872 0.504378 0.514125 0.510378 0.589883 0.533487 0.531540 0.650596 0.642248 0.524675 0.526506 0.542455 0.540789 0.507862 0.510052 0.533094 0.535500 0.556046
0.514479 0.533107 0.536222 0.526058 0.538140 0.536326 0.505679 0.534208 0.537236 0.539020 0.537449 0.540600 0.502695 0.503209 0.525165 0.530976 0.525226 0.514547 0.526944 0.529215 0.502730 0.528879 0.541511 0.527330 0.514227 0.528140 0.510855 0.535220 0.504185 0.527589 0.508547 0.522544 0.522152 0.507605 0.520445 0.531092 0.534032 0.522199 0.536274 0.538254 0.504445 0.529527 0.541408 0.538184 0.534398 0.539458 0.503501 0.502070 0.520251 0.531985 0.500937 0.500842 0.502721 0.501996 0.517464 0.506456 0.506070 0.529842 0.528096 0.504747 0.505102 0.508183 0.507862 0.501513 0.501932 0.506377 0.506837 0.510820
0.518571 0.542404 0.546348 0.533362 0.548797 0.546457 0.507286 0.543807 0.547662 0.549925 0.547903 0.551942 0.503454 0.504095 0.532233 0.539655 0.532285 0.518634 0.534524 0.537399 0.503492 0.536951 0.553105 0.535008 0.518229 0.536031 0.513895 0.545098 0.505364 0.535324 0.510947 0.528841 0.528358 0.509748 0.526212 0.539829 0.543553 0.528403 0.546408 0.548942 0.505692 0.537838 0.552969 0.548843 0.544015 0.550496 0.504470 0.502653 0.525930 0.540920 0.501200 0.501075 0.503475 0.502556 0.522380 0.508243 0.507779 0.538229 0.535980 0.506078 0.506533 0.510474 0.510052 0.501932 0.502478 0.508154 0.508761 0.513863
