0.812592 0.867161 0.890638 0.786346 0.986080 0.541443 0.626114 0.983669 1.104395 0.957019 0.991462 1.120651 0.731367 0.655609 0.774635 0.889482 0.897356 0.731022 0.913430 0.728432 0.515937 0.879200 0.809901 0.947994 0.628972 0.919491 0.856003 0.840321 0.530765 0.788807 0.664895 0.935279 0.987864 0.965042 1.035241 0.873605 0.874415 0.747080 0.926102 0.572309 0.625977 0.839267 0.911670 0.886037 0.877836 0.896580 0.478860 0.472018 0.803810 0.861173 0.611388 0.488518 0.630925 0.514063 0.780433 0.817207 0.792288 0.795810 0.955024 0.628801 0.599313 0.483691 0.511169 0.643247 0.566087 0.800601 0.712181 0.816750
0.867161 0.861175 0.926056 0.838359 0.931926 0.812140 0.707092 0.997382 1.003957 1.099572 0.952111 0.978991 0.650042 0.689825 0.810801 0.836769 0.867582 0.736079 0.907996 1.332291 0.482413 0.971506 0.900408 0.946308 0.853950 1.079953 0.811159 1.334745 0.694575 0.834666 0.778526 0.803408 0.891199 0.759209 0.916742 1.384221 0.894635 0.861769 0.938945 0.875416 0.774195 0.919832 0.972266 1.060877 0.897365 0.940265 0.634729 0.459234 0.832369 0.829435 0.579297 0.526291 0.732825 0.565874 0.886983 0.820044 0.802008 0.965972 1.046031 0.683998 0.716448 0.593998 0.568351 0.565526 0.528731 0.756029 0.749535 0.751992
0.890638 0.926056 0.907974 0.991566 1.386288 0.725198 0.740296 0.956316 1.044594 1.168559 1.129260 1.194038 0.477850 0.630113 1.064280 1.146932 0.955792 0.914721 0.997537 0.902627 0.509942 0.991883 0.974142 1.034053 0.863452 1.099108 0.892438 1.005765 0.658334 0.844399 0.795857 1.062162 1.090775 0.820891 1.061611 0.968941 1.258204 1.018810 1.276655 0.860062 0.846922 1.038200 1.123370 1.141807 1.086822 1.264043 0.432875 0.467037 1.045452 1.119040 0.619778 0.516040 0.682540 0.592729 0.954051 0.737509 0.796194 0.988942 1.014187 0.678770 0.717981 0.639894 0.681960 0.669175 0.590100 0.925689 0.914706 0.952240
0.786346 0.838359 0.991566 0.880065 0.948687 0.971145 0.878337 1.094956 1.035675 1.055602 1.010778 1.085872 0.610221 0.635683 0.916168 0.922694 0.973242 0.877156 1.015320 0.832092 0.512446 0.943239 1.047768 1.055834 1.003198 0.938964 0.900750 0.945432 0.730805 1.018698 0.813592 0.912752 0.977629 0.809758 0.951522 0.873924 0.930964 1.109964 0.976170 1.041008 0.927530 1.125593 1.056132 0.961854 1.069495 1.098343 0.514136 0.584170 1.009581 0.958577 0.658683 0.570528 0.632119 0.513377 0.964795 0.690833 0.770922 0.994513 1.035881 0.720723 0.679265 0.672154 0.676944 0.601752 0.542554 0.752499 0.874632 0.849035
0.986080 0.931926 1.386288 0.948687 0.903542 0.630455 0.686115 0.974912 1.084569 1.224672 1.127056 1.246362 0.439351 0.626224 1.064046 1.169750 0.984879 0.976813 0.985075 0.898884 0.516938 1.024257 0.883218 1.055549 0.780173 1.119610 0.852749 0.995339 0.555544 0.756616 0.779762 1.083026 1.170141 0.784134 1.151460 0.975854 1.220860 1.006973 1.328146 0.767112 0.796162 1.002646 1.135306 1.215666 1.066107 1.300141 0.354279 0.440925 1.029338 1.168434 0.584310 0.490022 0.691466 0.600648 0.924691 0.762966 0.828916 0.940562 0.969147 0.661689 0.671638 0.595786 0.627697 0.685063 0.606029 0.995731 0.948767 0.951878
0.541443 0.812140 0.725198 0.971145 0.630455 0.821128 1.072879 1.069288 0.996990 0.811777 0.893475 0.718767 0.864865 0.662052 0.707935 0.569611 0.772414 0.608359 0.891510 0.854936 0.517492 0.911650 1.131721 0.850446 1.116796 0.813307 0.806999 0.906868 0.993595 1.038381 0.864754 0.761318 0.544654 0.659680 0.482113 0.811041 0.821534 0.879117 0.751463 1.313905 0.930300 0.975488 0.903692 0.759745 0.937897 0.727876 0.942085 0.681954 0.829614 0.583019 0.675179 0.575500 0.674204 0.521540 0.924292 0.833817 0.829827 1.038332 1.117241 0.731766 0.764318 0.763267 0.781247 0.534597 0.485234 0.568615 0.664221 0.757785
0.626114 0.707092 0.740296 0.878337 0.686115 1.072879 0.766557 0.948734 1.003466 0.690817 0.898884 0.681539 0.726881 0.660252 0.710247 0.657545 0.826719 0.660478 0.753981 0.712490 0.478498 0.821418 0.893505 0.750821 0.906048 0.826115 0.776055 0.771677 0.878473 0.883779 0.766307 0.754947 0.556864 0.645310 0.582684 0.715389 0.779966 0.796299 0.750268 0.971296 0.868619 0.840221 0.861130 0.692719 0.910080 0.699930 0.790495 0.679304 0.791759 0.664149 0.654837 0.563383 0.623817 0.534955 0.840453 0.765458 0.730655 0.895993 0.994809 0.691811 0.707194 0.675633 0.734565 0.530943 0.476523 0.621019 0.662735 0.739014
0.983669 0.997382 0.956316 1.094956 0.974912 1.069288 0.948734 0.937871 1.220614 1.119826 1.054789 1.181371 0.712108 0.673856 0.901904 0.875852 0.964708 0.825561 1.157306 0.953409 0.535570 1.015215 1.097226 1.098344 0.963066 1.083226 0.925268 1.042753 0.721886 1.014936 0.858632 0.946027 1.002885 0.875949 0.940857 1.017133 0.951044 1.008305 0.994355 1.062887 0.957280 1.234669 1.116061 1.005524 1.029580 1.069414 0.563506 0.481730 0.973356 0.862739 0.660929 0.596329 0.689943 0.480906 1.025253 0.893019 0.916766 1.115338 1.237858 0.786637 0.736218 0.675655 0.633249 0.610707 0.550999 0.798069 0.856523 0.902324
1.104395 1.003957 1.044594 1.035675 1.084569 0.996990 1.003466 1.220614 0.952195 1.016078 1.193842 1.162195 0.789412 0.763697 0.921123 0.944091 1.069057 0.869721 0.992920 0.940988 0.491994 1.063921 1.010233 1.042109 0.930037 1.066349 0.988436 1.063667 0.819016 1.038571 0.822878 0.995185 0.946535 0.917273 1.019714 1.017922 1.068359 0.974574 1.124087 0.944636 0.887824 1.026644 1.235010 0.994409 1.142935 1.052140 0.705802 0.585404 1.003366 0.963465 0.660365 0.472179 0.710109 0.516617 0.963200 0.957597 0.975282 1.024191 1.208707 0.746176 0.758311 0.605595 0.629239 0.654622 0.575357 0.873716 0.898741 0.880020
0.957019 1.099572 1.168559 1.055602 1.224672 0.811777 0.690817 1.119826 1.016078 0.944364 1.051263 1.300392 0.487468 0.598423 1.026608 1.053435 0.910236 0.938668 1.162168 1.098202 0.550590 1.163086 1.089140 1.221567 0.921543 1.205775 0.890143 1.165294 0.581487 0.867166 0.932604 1.028047 1.210368 0.826293 1.131567 1.138574 1.061976 1.058043 1.164945 1.007015 0.850735 1.148475 1.079877 1.400213 1.031329 1.294225 0.386644 0.390581 1.016452 1.068006 0.606323 0.537386 0.722618 0.595422 1.003789 0.777141 0.841590 1.026290 1.039998 0.693367 0.668123 0.672849 0.662311 0.663596 0.587641 0.866147 0.880035 0.953864
0.991462 0.952111 1.129260 1.010778 1.127056 0.893475 0.898884 1.054789 1.193842 1.051263 0.937729 1.103790 0.640794 0.702451 1.100506 1.043276 1.085566 0.910254 1.009997 0.948398 0.491703 1.056211 1.010849 1.037898 0.919198 1.122838 0.968455 1.037343 0.757511 0.982494 0.877118 1.053664 1.011353 0.892250 1.034211 0.973187 1.114367 1.065242 1.170722 0.932939 0.912065 1.053902 1.158213 1.042796 1.246462 1.131476 0.610518 0.575019 1.089902 1.063313 0.657852 0.515134 0.725388 0.568757 0.937276 0.857354 0.877257 1.026724 1.078822 0.690168 0.692954 0.600727 0.650025 0.640747 0.583738 0.818214 0.872725 0.918419
1.120651 0.978991 1.194038 1.085872 1.246362 0.718767 0.681539 1.181371 1.162195 1.300392 1.103790 0.948813 0.589456 0.638259 1.033302 1.084831 0.998771 0.908488 1.210086 0.897885 0.551176 1.053318 1.094655 1.232434 0.862371 1.053123 0.982169 1.028522 0.567684 0.997537 0.848052 1.030457 1.279693 1.030051 1.215365 1.005699 1.076753 1.046098 1.155699 0.866985 0.839538 1.201632 1.191427 1.190715 1.064310 1.319342 0.414977 0.401088 1.031750 1.087954 0.613068 0.514540 0.688924 0.543647 0.999775 0.777787 0.887623 1.047986 1.098004 0.699082 0.662623 0.611937 0.605830 0.688846 0.595267 0.900688 0.937388 0.957495
0.731367 0.650042 0.477850 0.610221 0.439351 0.864865 0.726881 0.712108 0.789412 0.487468 0.640794 0.589456 0.623831 0.654913 0.394315 0.450481 0.567357 0.341462 0.596352 0.558823 0.537767 0.624889 0.766263 0.612895 0.696743 0.496870 0.692435 0.621524 0.801810 0.830892 0.551596 0.502279 0.383294 0.718174 0.395965 0.601632 0.516878 0.483950 0.451545 0.731912 0.551605 0.565557 0.590490 0.431648 0.633283 0.385564 0.933165 0.667931 0.514643 0.366592 0.555965 0.479310 0.602792 0.549854 0.623274 0.697099 0.649597 0.704050 0.839643 0.621415 0.608009 0.598583 0.648172 0.578619 0.477776 0.458288 0.507381 0.557795
0.655609 0.689825 0.630113 0.635683 0.626224 0.662052 0.660252 0.673856 0.763697 0.598423 0.702451 0.638259 0.654913 0.642411 0.585498 0.629034 0.729145 0.591974 0.576950 0.648339 0.486423 0.647040 0.632040 0.677553 0.588611 0.648968 0.650029 0.694910 0.622755 0.732885 0.574295 0.660989 0.561905 0.626709 0.610752 0.680292 0.635239 0.623722 0.666808 0.618131 0.612437 0.615534 0.723483 0.589766 0.713041 0.603440 0.663245 0.634095 0.604777 0.648913 0.511028 0.447781 0.571726 0.499144 0.654132 0.628000 0.630943 0.686937 0.758324 0.654763 0.624932 0.540262 0.571335 0.531372 0.542429 0.566179 0.569265 0.612941
0.774635 0.810801 1.064280 0.916168 1.064046 0.707935 0.710247 0.901904 0.921123 1.026608 1.100506 1.033302 0.394315 0.585498 0.825533 1.014234 0.863168 0.912719 0.939447 0.857820 0.468999 0.914522 0.851406 0.911833 0.799481 0.971449 0.850941 0.901780 0.585947 0.764810 0.795319 0.906863 1.037586 0.743828 0.964714 0.871904 1.012191 1.003673 1.077866 0.810775 0.831425 0.966298 1.017333 1.011898 1.050818 1.129937 0.392632 0.455464 1.054809 1.057207 0.556741 0.495627 0.657600 0.525549 0.797259 0.704975 0.747576 0.836317 0.800076 0.638048 0.615536 0.583667 0.562919 0.640293 0.585625 0.787575 0.845262 0.860515
0.889482 0.836769 1.146932 0.922694 1.169750 0.569611 0.657545 0.875852 0.944091 1.053435 1.043276 1.084831 0.450481 0.629034 1.014234 0.829747 0.923157 0.970656 0.895320 0.821498 0.499280 0.901371 0.772333 0.953941 0.708490 0.972196 0.858999 0.881884 0.515149 0.731408 0.765103 0.934926 1.102107 0.738161 1.099386 0.862800 1.050341 0.989360 1.142269 0.695084 0.799599 0.951674 1.052963 1.036498 0.980950 1.170161 0.334005 0.434137 0.949191 1.147019 0.582405 0.524001 0.670573 0.591512 0.828586 0.671259 0.732692 0.843486 0.835934 0.628923 0.673626 0.565030 0.563894 0.642205 0.617904 0.843792 0.905269 0.839050
0.897356 0.867582 0.955792 0.973242 0.984879 0.772414 0.826719 0.964708 1.069057 0.910236 1.085566 0.998771 0.567357 0.729145 0.863168 0.923157 0.851777 0.836157 0.907550 0.834407 0.504192 0.897129 0.937195 0.974413 0.808138 0.947992 0.943170 0.932711 0.677054 1.058168 0.716064 0.948519 0.982344 0.881164 1.093115 0.874287 0.964659 0.981759 1.026945 0.842496 0.867977 1.012249 1.127913 0.885649 1.162822 1.055539 0.571374 0.612575 0.946048 1.013956 0.618239 0.481400 0.673283 0.584707 0.897826 0.733918 0.795642 0.912876 0.992154 0.636708 0.675593 0.557485 0.583423 0.555303 0.561787 0.754680 0.814184 0.750340
0.731022 0.736079 0.914721 0.877156 0.976813 0.608359 0.660478 0.825561 0.869721 0.938668 0.910254 0.908488 0.341462 0.591974 0.912719 0.970656 0.836157 0.755934 0.803328 0.750727 0.468924 0.827958 0.680007 0.838730 0.678189 0.900288 0.738519 0.802167 0.491562 0.625842 0.754369 0.849127 0.988580 0.599469 0.997131 0.778955 0.888220 0.960524 1.003672 0.702677 0.793027 0.875575 1.004161 0.946928 0.906386 1.038159 0.321856 0.421446 0.905735 1.044201 0.566074 0.524988 0.618094 0.554534 0.734987 0.621380 0.696576 0.747952 0.702355 0.573332 0.640944 0.539208 0.562739 0.565678 0.631433 0.786003 0.804392 0.764100
0.913430 0.907996 0.997537 1.015320 0.985075 0.891510 0.753981 1.157306 0.992920 1.162168 1.009997 1.210086 0.596352 0.576950 0.939447 0.895320 0.907550 0.803328 0.925661 0.913981 0.553659 0.976907 1.324060 1.215670 1.007870 0.998087 0.995357 0.957224 0.719784 1.132052 0.943629 0.946078 1.192749 1.154548 1.051558 0.946613 0.973134 1.033336 0.978245 1.119742 0.949164 1.367607 1.171064 1.061179 1.017637 1.164769 0.497718 0.414383 0.983937 0.908276 0.639505 0.581801 0.626507 0.461549 0.993179 0.836136 0.926763 1.160957 1.083170 0.713227 0.686013 0.723160 0.719796 0.652703 0.562531 0.784124 0.862085 0.934809
0.728432 1.332291 0.902627 0.832092 0.898884 0.854936 0.712490 0.953409 0.940988 1.098202 0.948398 0.897885 0.558823 0.648339 0.857820 0.821498 0.834407 0.750727 0.913981 0.843410 0.474293 0.975001 0.918214 0.909327 0.904108 1.071579 0.779009 1.336390 0.702264 0.824303 0.829371 0.779997 0.853432 0.692955 0.873459 1.354629 0.903391 0.899630 0.937308 0.976228 0.812175 0.925543 0.967738 1.083113 0.917642 0.947800 0.569084 0.447652 0.850437 0.837555 0.579199 0.516269 0.722004 0.577816 0.843193 0.781346 0.772668 0.918885 0.972279 0.639176 0.707957 0.609451 0.596017 0.577758 0.556897 0.707685 0.745761 0.723246
0.515937 0.482413 0.509942 0.512446 0.516938 0.517492 0.478498 0.535570 0.491994 0.550590 0.491703 0.551176 0.537767 0.486423 0.468999 0.499280 0.504192 0.468924 0.553659 0.474293 0.534565 0.549811 0.589182 0.576591 0.525370 0.507720 0.531276 0.482563 0.537060 0.575103 0.509223 0.503807 0.526991 0.540057 0.500022 0.461802 0.540917 0.508914 0.525613 0.551588 0.485269 0.555471 0.551981 0.555630 0.544540 0.541990 0.554031 0.712082 0.538333 0.503476 0.502045 0.532509 0.542257 0.536389 0.548281 0.505605 0.511966 0.558053 0.523081 0.493480 0.506174 0.580410 0.580537 0.514960 0.491514 0.464346 0.520168 0.502588
0.879200 0.971506 0.991883 0.943239 1.024257 0.911650 0.821418 1.015215 1.063921 1.163086 1.056211 1.053318 0.624889 0.647040 0.914522 0.901371 0.897129 0.827958 0.976907 0.975001 0.549811 0.898593 1.035461 1.097485 0.923457 1.105435 0.874712 1.046535 0.790518 0.907323 0.941441 0.955694 0.946057 0.772953 0.913410 0.982596 0.990521 0.948283 1.061426 0.992640 0.809093 0.953689 1.004893 1.177344 1.045668 1.067967 0.623451 0.550807 0.926551 0.908554 0.634082 0.495968 0.749567 0.627683 0.907808 0.806590 0.808996 0.997493 1.024986 0.710118 0.693457 0.680981 0.713811 0.592971 0.578860 0.794556 0.835712 0.871129
0.809901 0.900408 0.974142 1.047768 0.883218 1.131721 0.893505 1.097226 1.010233 1.089140 1.010849 1.094655 0.766263 0.632040 0.851406 0.772333 0.937195 0.680007 1.324060 0.918214 0.589182 1.035461 0.936193 1.208688 1.149111 0.938988 1.015625 0.988086 0.931314 1.315145 0.962764 0.907885 0.986194 1.159015 0.864697 0.917873 0.991184 0.998376 0.915897 1.317339 0.935540 1.295811 1.143337 1.007295 1.084535 1.062537 0.799593 0.582577 0.979788 0.791200 0.676661 0.560716 0.687200 0.502052 1.024156 0.830468 0.887516 1.218118 1.170356 0.739286 0.724862 0.803375 0.824242 0.622635 0.528040 0.702099 0.784835 0.901285
0.947994 0.946308 1.034053 1.055834 1.055549 0.850446 0.750821 1.098344 1.042109 1.221567 1.037898 1.232434 0.612895 0.677553 0.911833 0.953941 0.974413 0.838730 1.215670 0.909327 0.576591 1.097485 1.208688 0.935146 0.949388 1.066886 0.951642 0.987417 0.706112 1.114144 0.900818 0.964835 1.131251 1.012915 1.062840 0.949918 1.039563 1.038116 1.084427 1.026516 0.839716 1.194556 1.129091 1.182337 1.069609 1.214722 0.554283 0.509638 0.982302 0.964857 0.644285 0.539783 0.721127 0.562499 0.998811 0.777967 0.869897 1.154314 1.122378 0.771172 0.671321 0.698661 0.738330 0.628228 0.574208 0.799326 0.866918 0.937701
0.628972 0.853950 0.863452 1.003198 0.780173 1.116796 0.906048 0.963066 0.930037 0.921543 0.919198 0.862371 0.696743 0.588611 0.799481 0.708490 0.808138 0.678189 1.007870 0.904108 0.525370 0.923457 1.149111 0.949388 0.837190 0.860556 0.854970 0.953840 0.896442 1.024004 0.891809 0.796718 0.763115 0.803775 0.685573 0.851362 0.877594 0.958969 0.834295 1.208147 0.877858 1.038335 0.969882 0.869072 0.957924 0.890329 0.730512 0.584180 0.890184 0.716044 0.641957 0.584208 0.647360 0.492213 0.915710 0.784115 0.778783 1.036148 1.024539 0.651503 0.683960 0.748276 0.712076 0.555684 0.533140 0.661702 0.739011 0.804992
0.919491 1.079953 1.099108 0.938964 1.119610 0.813307 0.826115 1.083226 1.066349 1.205775 1.122838 1.053123 0.496870 0.648968 0.971449 0.972196 0.947992 0.900288 0.998087 1.071579 0.507720 1.105435 0.938988 1.066886 0.860556 0.918104 0.842235 1.143887 0.645730 0.782502 0.847008 1.028649 1.016269 0.732423 1.018967 1.104335 1.115721 0.987991 1.184798 0.895125 0.821966 1.016301 1.023734 1.274562 1.066916 1.131302 0.468795 0.424712 0.980500 1.005417 0.620321 0.526859 0.714096 0.575901 0.954689 0.870098 0.847439 1.074201 1.082862 0.754808 0.685488 0.659689 0.674300 0.588104 0.579232 0.815647 0.848197 0.946717
0.856003 0.811159 0.892438 0.900750 0.852749 0.806999 0.776055 0.925268 0.988436 0.890143 0.968455 0.982169 0.692435 0.650029 0.850941 0.858999 0.943170 0.738519 0.995357 0.779009 0.531276 0.874712 1.015625 0.951642 0.854970 0.842235 0.832014 0.856177 0.831860 1.047505 0.807621 0.864544 0.942005 1.024447 0.964924 0.811960 0.910291 0.881284 0.890607 0.886794 0.834233 1.039502 1.062795 0.849894 0.995419 0.948377 0.643804 0.585295 0.888248 0.922922 0.598658 0.470827 0.663077 0.549736 0.814847 0.735275 0.822800 0.915494 0.922407 0.684936 0.692410 0.639641 0.603329 0.623142 0.583712 0.695337 0.759746 0.738965
0.840321 1.334745 1.005765 0.945432 0.995339 0.906868 0.771677 1.042753 1.063667 1.165294 1.037343 1.028522 0.621524 0.694910 0.901780 0.881884 0.932711 0.802167 0.957224 1.336390 0.482563 1.046535 0.988086 0.987417 0.953840 1.143887 0.856177 0.903158 0.730088 0.902504 0.860839 0.898861 0.930817 0.770065 0.931843 1.350871 0.996194 0.964904 1.031029 0.999607 0.832431 1.000079 1.044366 1.150011 1.008191 1.049816 0.602320 0.467141 0.931581 0.910456 0.589580 0.505131 0.742912 0.568524 0.911894 0.814323 0.809254 0.985892 1.070213 0.684341 0.710290 0.632823 0.657979 0.581717 0.562712 0.742506 0.782847 0.785397
0.530765 0.694575 0.658334 0.730805 0.555544 0.993595 0.878473 0.721886 0.819016 0.581487 0.757511 0.567684 0.801810 0.622755 0.585947 0.515149 0.677054 0.491562 0.719784 0.702264 0.537060 0.790518 0.931314 0.706112 0.896442 0.645730 0.831860 0.730088 0.702919 0.923366 0.743693 0.644692 0.459958 0.714040 0.465839 0.684527 0.704272 0.662743 0.624077 0.955679 0.781032 0.722055 0.767764 0.587071 0.793691 0.575335 0.928778 0.689041 0.673828 0.498377 0.617360 0.475680 0.665337 0.581723 0.730144 0.687995 0.702082 0.853490 0.860434 0.636346 0.628637 0.712763 0.778693 0.546118 0.470816 0.535313 0.577851 0.650398
0.788807 0.834666 0.844399 1.018698 0.756616 1.038381 0.883779 1.014936 1.038571 0.867166 0.982494 0.997537 0.830892 0.732885 0.764810 0.731408 1.058168 0.625842 1.132052 0.824303 0.575103 0.907323 1.315145 1.114144 1.024004 0.782502 1.047505 0.902504 0.923366 0.879205 0.819462 0.815807 0.876881 1.189436 0.859815 0.831674 0.887179 0.945786 0.821016 1.156093 0.915463 1.187725 1.153078 0.790168 1.124055 0.940945 0.868811 0.667876 0.909572 0.753677 0.633989 0.510026 0.703280 0.503738 0.947218 0.767061 0.850180 1.133365 1.137218 0.719781 0.721157 0.716780 0.735819 0.621245 0.495171 0.655227 0.756999 0.780787
0.664895 0.778526 0.795857 0.813592 0.779762 0.864754 0.766307 0.858632 0.822878 0.932604 0.877118 0.848052 0.551596 0.574295 0.795319 0.765103 0.716064 0.754369 0.943629 0.829371 0.509223 0.941441 0.962764 0.900818 0.891809 0.847008 0.807621 0.860839 0.743693 0.819462 0.779635 0.778575 0.824947 0.710289 0.748836 0.810694 0.804200 0.843094 0.833962 0.969967 0.787657 0.915579 0.875099 0.917885 0.859046 0.888484 0.542048 0.535141 0.837278 0.798391 0.682542 0.530338 0.632018 0.555943 0.811516 0.720534 0.690427 0.867651 0.831785 0.606609 0.659014 0.658402 0.739168 0.544386 0.558033 0.631842 0.690207 0.776405
0.935279 0.803408 1.062162 0.912752 1.083026 0.761318 0.754947 0.946027 0.995185 1.028047 1.053664 1.030457 0.502279 0.660989 0.906863 0.934926 0.948519 0.849127 0.946078 0.779997 0.503807 0.955694 0.907885 0.964835 0.796718 1.028649 0.864544 0.898861 0.644692 0.815807 0.778575 0.849535 0.981815 0.817313 1.001299 0.833848 1.130866 0.935403 1.149549 0.800714 0.809723 0.961886 0.987194 1.038370 1.038091 1.099156 0.459397 0.487395 0.951057 1.003788 0.640352 0.558563 0.630607 0.587611 0.895803 0.735172 0.773023 0.890940 0.912488 0.652267 0.691861 0.617186 0.640193 0.597514 0.521510 0.760641 0.788812 0.835968
0.987864 0.891199 1.090775 0.977629 1.170141 0.544654 0.556864 1.002885 0.946535 1.210368 1.011353 1.279693 0.383294 0.561905 1.037586 1.102107 0.982344 0.988580 1.192749 0.853432 0.526991 0.946057 0.986194 1.131251 0.763115 1.016269 0.942005 0.930817 0.459958 0.876881 0.824947 0.981815 0.872356 0.963595 1.293844 0.934122 1.002115 1.035131 1.126611 0.777707 0.850515 1.186782 1.156408 1.147787 1.012581 1.310916 0.260389 0.336541 1.000487 1.148275 0.558831 0.524016 0.618705 0.529794 0.877620 0.717530 0.824471 0.946405 0.884870 0.623803 0.619733 0.543560 0.547039 0.640508 0.614688 0.872565 0.935681 0.836935
0.965042 0.759209 0.820891 0.809758 0.784134 0.659680 0.645310 0.875949 0.917273 0.826293 0.892250 1.030051 0.718174 0.626709 0.743828 0.738161 0.881164 0.599469 1.154548 0.692955 0.540057 0.772953 1.159015 1.012915 0.803775 0.732423 1.024447 0.770065 0.714040 1.189436 0.710289 0.817313 0.963595 0.797164 0.946761 0.751338 0.825328 0.776882 0.756520 0.815582 0.727566 1.090423 1.035453 0.753982 0.950907 0.883555 0.671713 0.501777 0.826829 0.749011 0.588337 0.486098 0.579276 0.437785 0.771600 0.713047 0.805412 0.953668 0.928452 0.643305 0.629757 0.604232 0.611535 0.604460 0.507699 0.657693 0.664532 0.754589
1.035241 0.916742 1.061611 0.951522 1.151460 0.482113 0.582684 0.940857 1.019714 1.131567 1.034211 1.215365 0.395965 0.610752 0.964714 1.099386 1.093115 0.997131 1.051558 0.873459 0.500022 0.913410 0.864697 1.062840 0.685573 1.018967 0.964924 0.931843 0.465839 0.859815 0.748836 1.001299 1.293844 0.946761 0.856134 0.945142 0.984933 1.012973 1.117653 0.679371 0.821963 1.070727 1.173284 1.090380 1.040523 1.239436 0.291623 0.391104 0.971127 1.177674 0.563326 0.483158 0.623652 0.563067 0.825338 0.669828 0.790548 0.834253 0.850878 0.604288 0.635979 0.498385 0.495264 0.636331 0.628073 0.886226 0.905040 0.833119
0.873605 1.384221 0.968941 0.873924 0.975854 0.811041 0.715389 1.017133 1.017922 1.138574 0.973187 1.005699 0.601632 0.680292 0.871904 0.862800 0.874287 0.778955 0.946613 1.354629 0.461802 0.982596 0.917873 0.949918 0.851362 1.104335 0.811960 1.350871 0.684527 0.831674 0.810694 0.833848 0.934122 0.751338 0.945142 0.874645 0.927539 0.904355 0.981592 0.900709 0.801893 0.957769 1.001521 1.088256 0.921817 0.991018 0.568898 0.423450 0.868893 0.873931 0.595453 0.517153 0.731267 0.572980 0.894420 0.831892 0.814443 0.967557 1.059804 0.683703 0.725229 0.590549 0.616569 0.585885 0.552891 0.769285 0.772937 0.788550
0.874415 0.894635 1.258204 0.930964 1.220860 0.821534 0.779966 0.951044 1.068359 1.061976 1.114367 1.076753 0.516878 0.635239 1.012191 1.050341 0.964659 0.888220 0.973134 0.903391 0.540917 0.990521 0.991184 1.039563 0.877594 1.115721 0.910291 0.996194 0.704272 0.887179 0.804200 1.130866 1.002115 0.825328 0.984933 0.927539 0.905269 1.036217 1.388352 0.902869 0.830100 1.006915 1.147098 1.126626 1.132403 1.250433 0.506010 0.502006 1.049289 1.101291 0.644153 0.512055 0.719765 0.564293 0.950847 0.765441 0.798593 1.064400 1.006111 0.719418 0.739916 0.662880 0.703389 0.645881 0.569802 0.809402 0.925872 0.901332
0.747080 0.861769 1.018810 1.109964 1.006973 0.879117 0.796299 1.008305 0.974574 1.058043 1.065242 1.046098 0.483950 0.623722 1.003673 0.989360 0.981759 0.960524 1.033336 0.899630 0.508914 0.948283 0.998376 1.038116 0.958969 0.987991 0.881284 0.964904 0.662743 0.945786 0.843094 0.935403 1.035131 0.776882 1.012973 0.904355 1.036217 0.878113 1.098190 1.012350 0.954708 1.135063 1.135073 1.017639 1.083713 1.171922 0.426448 0.508047 1.026478 1.072037 0.617240 0.545129 0.664308 0.520553 0.978629 0.680282 0.814737 1.007244 0.959332 0.658789 0.673887 0.656598 0.664736 0.641356 0.631491 0.784028 0.914876 0.824200
0.926102 0.938945 1.276655 0.976170 1.328146 0.751463 0.750268 0.994355 1.124087 1.164945 1.170722 1.155699 0.451545 0.666808 1.077866 1.142269 1.026945 1.003672 0.978245 0.937308 0.525613 1.061426 0.915897 1.084427 0.834295 1.184798 0.890607 1.031029 0.624077 0.821016 0.833962 1.149549 1.126611 0.756520 1.117653 0.981592 1.388352 1.098190 0.926431 0.854540 0.843267 1.020561 1.197752 1.234398 1.152242 1.331642 0.405815 0.469667 1.085924 1.210525 0.625197 0.490594 0.722313 0.587630 0.964010 0.788614 0.854377 1.037227 0.994274 0.704181 0.726064 0.630782 0.655158 0.648579 0.613640 0.889679 1.002296 0.934784
0.572309 0.875416 0.860062 1.041008 0.767112 1.313905 0.971296 1.062887 0.944636 1.007015 0.932939 0.866985 0.731912 0.618131 0.810775 0.695084 0.842496 0.702677 1.119742 0.976228 0.551588 0.992640 1.317339 1.026516 1.208147 0.895125 0.886794 0.999607 0.955679 1.156093 0.969967 0.800714 0.777707 0.815582 0.679371 0.900709 0.902869 1.012350 0.854540 0.881671 0.977471 1.177909 1.041173 0.949118 1.010762 0.927710 0.816068 0.626329 0.916066 0.716698 0.679320 0.572620 0.673074 0.532861 0.992971 0.821620 0.843343 1.145676 1.110768 0.704632 0.741799 0.812412 0.823282 0.588652 0.543652 0.661955 0.753904 0.832334
0.625977 0.774195 0.846922 0.927530 0.796162 0.930300 0.868619 0.957280 0.887824 0.850735 0.912065 0.839538 0.551605 0.612437 0.831425 0.799599 0.867977 0.793027 0.949164 0.812175 0.485269 0.809093 0.935540 0.839716 0.877858 0.821966 0.834233 0.832431 0.781032 0.915463 0.787657 0.809723 0.850515 0.727566 0.821963 0.801893 0.830100 0.954708 0.843267 0.977471 0.793877 1.037635 1.010037 0.796452 0.943836 0.909945 0.553511 0.513815 0.891319 0.849156 0.590400 0.587950 0.610443 0.533464 0.858084 0.726020 0.796755 0.900106 0.906115 0.671965 0.661936 0.664076 0.673084 0.566316 0.556154 0.683506 0.737727 0.745062
0.839267 0.919832 1.038200 1.125593 1.002646 0.975488 0.840221 1.234669 1.026644 1.148475 1.053902 1.201632 0.565557 0.615534 0.966298 0.951674 1.012249 0.875575 1.367607 0.925543 0.555471 0.953689 1.295811 1.194556 1.038335 1.016301 1.039502 1.000079 0.722055 1.187725 0.915579 0.961886 1.186782 1.090423 1.070727 0.957769 1.006915 1.135063 1.020561 1.177909 1.037635 0.943835 1.252899 1.033006 1.103264 1.219470 0.491345 0.456313 1.040080 0.990810 0.647997 0.591959 0.661432 0.497546 1.043675 0.808322 0.925098 1.202254 1.128389 0.717091 0.722831 0.707209 0.726137 0.630885 0.565302 0.797377 0.915755 0.909182
0.911670 0.972266 1.123370 1.056132 1.135306 0.903692 0.861130 1.116061 1.235010 1.079877 1.158213 1.191427 0.590490 0.723483 1.017333 1.052963 1.127913 1.004161 1.171064 0.967738 0.551981 1.004893 1.143337 1.129091 0.969882 1.023734 1.062795 1.044366 0.767764 1.153078 0.875099 0.987194 1.156408 1.035453 1.173284 1.001521 1.147098 1.135073 1.197752 1.041173 1.010037 1.252899 0.958665 1.064158 1.200595 1.249935 0.603124 0.561769 1.071893 1.127873 0.628711 0.493862 0.700776 0.518420 0.995948 0.846217 0.968337 1.120622 1.097964 0.709237 0.773494 0.611715 0.658509 0.657149 0.601551 0.887048 0.982897 0.894208
0.886037 1.060877 1.141807 0.961854 1.215666 0.759745 0.692719 1.005524 0.994409 1.400213 1.042796 1.190715 0.431648 0.589766 1.011898 1.036498 0.885649 0.946928 1.061179 1.083113 0.555630 1.177344 1.007295 1.182337 0.869072 1.274562 0.849894 1.150011 0.587071 0.790168 0.917885 1.038370 1.147787 0.753982 1.090380 1.088256 1.126626 1.017639 1.234398 0.949118 0.796452 1.033006 1.064158 0.917316 1.028417 1.290657 0.417937 0.414283 0.989437 1.084291 0.573403 0.503614 0.721860 0.609676 0.945770 0.775452 0.825850 1.008980 0.970795 0.688280 0.662465 0.663871 0.676711 0.640761 0.573566 0.845600 0.884890 0.935111
0.877836 0.897365 1.086822 1.069495 1.066107 0.937897 0.910080 1.029580 1.142935 1.031329 1.246462 1.064310 0.633283 0.713041 1.050818 0.980950 1.162822 0.906386 1.017637 0.917642 0.544540 1.045668 1.084535 1.069609 0.957924 1.066916 0.995419 1.008191 0.793691 1.124055 0.859046 1.038091 1.012581 0.950907 1.040523 0.921817 1.132403 1.083713 1.152242 1.010762 0.943836 1.103264 1.200595 1.028417 0.932038 1.153244 0.652354 0.634365 1.131753 1.089764 0.651884 0.479510 0.689765 0.600662 0.922977 0.788367 0.853557 1.024006 1.053855 0.674297 0.714860 0.673850 0.689610 0.620293 0.573002 0.791622 0.894719 0.861479
0.896580 0.940265 1.264043 1.098343 1.300141 0.727876 0.699930 1.069414 1.052140 1.294225 1.131476 1.319342 0.385564 0.603440 1.129937 1.170161 1.055539 1.038159 1.164769 0.947800 0.541990 1.067967 1.062537 1.214722 0.890329 1.131302 0.948377 1.049816 0.575335 0.940945 0.888484 1.099156 1.310916 0.883555 1.239436 0.991018 1.250433 1.171922 1.331642 0.927710 0.909945 1.219470 1.249935 1.290657 1.153244 0.943078 0.320303 0.404289 1.122924 1.245730 0.610473 0.519089 0.697250 0.574518 0.992606 0.731232 0.843933 1.071420 0.997547 0.654633 0.701940 0.625913 0.617386 0.665832 0.610249 0.909864 0.999563 0.930241
0.478860 0.634729 0.432875 0.514136 0.354279 0.942085 0.790495 0.563506 0.705802 0.386644 0.610518 0.414977 0.933165 0.663245 0.392632 0.334005 0.571374 0.321856 0.497718 0.569084 0.554031 0.623451 0.799593 0.554283 0.730512 0.468795 0.643804 0.602320 0.928778 0.868811 0.542048 0.459397 0.260389 0.671713 0.291623 0.568898 0.506010 0.426448 0.405815 0.816068 0.553511 0.491345 0.603124 0.417937 0.652354 0.320303 0.587075 0.734049 0.482712 0.287662 0.570888 0.485039 0.597601 0.499081 0.605469 0.655401 0.591495 0.712803 0.776437 0.590929 0.628791 0.602294 0.671146 0.510263 0.400911 0.411199 0.418531 0.541594
0.472018 0.459234 0.467037 0.584170 0.440925 0.681954 0.679304 0.481730 0.585404 0.390581 0.575019 0.401088 0.667931 0.634095 0.455464 0.434137 0.612575 0.421446 0.414383 0.447652 0.712082 0.550807 0.582577 0.509638 0.584180 0.424712 0.585295 0.467141 0.689041 0.667876 0.535141 0.487395 0.336541 0.501777 0.391104 0.423450 0.502006 0.508047 0.469667 0.626329 0.513815 0.456313 0.561769 0.414283 0.634365 0.404289 0.734049 0.537766 0.495234 0.453356 0.577903 0.458085 0.540218 0.583773 0.533484 0.510936 0.539499 0.554726 0.559951 0.509957 0.591444 0.602465 0.597014 0.519386 0.485097 0.469839 0.458134 0.486959
0.803810 0.832369 1.045452 1.009581 1.029338 0.829614 0.791759 0.973356 1.003366 1.016452 1.089902 1.031750 0.514643 0.604777 1.054809 0.949191 0.946048 0.905735 0.983937 0.850437 0.538333 0.926551 0.979788 0.982302 0.890184 0.980500 0.888248 0.931581 0.673828 0.909572 0.837278 0.951057 1.000487 0.826829 0.971127 0.868893 1.049289 1.026478 1.085924 0.916066 0.891319 1.040080 1.071893 0.989437 1.131753 1.122924 0.482712 0.495234 0.861469 1.028883 0.654207 0.540063 0.606959 0.527565 0.850439 0.734495 0.813522 0.911798 0.938732 0.654427 0.645604 0.629517 0.625493 0.619431 0.573550 0.752006 0.835136 0.862430
0.861173 0.829435 1.119040 0.958577 1.168434 0.583019 0.664149 0.862739 0.963465 1.068006 1.063313 1.087954 0.366592 0.648913 1.057207 1.147019 1.013956 1.044201 0.908276 0.837555 0.503476 0.908554 0.791200 0.964857 0.716044 1.005417 0.922922 0.910456 0.498377 0.753677 0.798391 1.003788 1.148275 0.749011 1.177674 0.873931 1.101291 1.072037 1.210525 0.716698 0.849156 0.990810 1.127873 1.084291 1.089764 1.245730 0.287662 0.453356 1.028883 0.838654 0.588464 0.508410 0.648960 0.578756 0.822037 0.658139 0.783786 0.809671 0.774123 0.582240 0.681338 0.539628 0.534669 0.613603 0.639295 0.848967 0.903020 0.799420
0.611388 0.579297 0.619778 0.658683 0.584310 0.675179 0.654837 0.660929 0.660365 0.606323 0.657852 0.613068 0.555965 0.511028 0.556741 0.582405 0.618239 0.566074 0.639505 0.579199 0.502045 0.634082 0.676661 0.644285 0.641957 0.620321 0.598658 0.589580 0.617360 0.633989 0.682542 0.640352 0.558831 0.588337 0.563326 0.595453 0.644153 0.617240 0.625197 0.679320 0.590400 0.647997 0.628711 0.573403 0.651884 0.610473 0.570888 0.577903 0.654207 0.588464 0.620328 0.488292 0.534712 0.530901 0.640122 0.647322 0.604475 0.669219 0.695650 0.611777 0.584930 0.595318 0.585624 0.528658 0.475304 0.551829 0.607474 0.667628
0.488518 0.526291 0.516040 0.570528 0.490022 0.575500 0.563383 0.596329 0.472179 0.537386 0.515134 0.514540 0.479310 0.447781 0.495627 0.524001 0.481400 0.524988 0.581801 0.516269 0.532509 0.495968 0.560716 0.539783 0.584208 0.526859 0.470827 0.505131 0.475680 0.510026 0.530338 0.558563 0.524016 0.486098 0.483158 0.517153 0.512055 0.545129 0.490594 0.572620 0.587950 0.591959 0.493862 0.503614 0.479510 0.519089 0.485039 0.458085 0.540063 0.508410 0.488292 0.532864 0.469121 0.479827 0.555162 0.492610 0.521380 0.603598 0.561290 0.552676 0.548602 0.493447 0.522692 0.487779 0.478680 0.505023 0.520818 0.557730
0.630925 0.732825 0.682540 0.632119 0.691466 0.674204 0.623817 0.689943 0.710109 0.722618 0.725388 0.688924 0.602792 0.571726 0.657600 0.670573 0.673283 0.618094 0.626507 0.722004 0.542257 0.749567 0.687200 0.721127 0.647360 0.714096 0.663077 0.742912 0.665337 0.703280 0.632018 0.630607 0.618705 0.579276 0.623652 0.731267 0.719765 0.664308 0.722313 0.673074 0.610443 0.661432 0.700776 0.721860 0.689765 0.697250 0.597601 0.540218 0.606959 0.648960 0.534712 0.469121 0.664466 0.624131 0.693981 0.581751 0.595844 0.725463 0.764327 0.612736 0.594435 0.646428 0.567172 0.573325 0.514673 0.621819 0.645355 0.628185
0.514063 0.565874 0.592729 0.513377 0.600648 0.521540 0.534955 0.480906 0.516617 0.595422 0.568757 0.543647 0.549854 0.499144 0.525549 0.591512 0.584707 0.554534 0.461549 0.577816 0.536389 0.627683 0.502052 0.562499 0.492213 0.575901 0.549736 0.568524 0.581723 0.503738 0.555943 0.587611 0.529794 0.437785 0.563067 0.572980 0.564293 0.520553 0.587630 0.532861 0.533464 0.497546 0.518420 0.609676 0.600662 0.574518 0.499081 0.583773 0.527565 0.578756 0.530901 0.479827 0.624131 0.553412 0.531236 0.510990 0.520298 0.533164 0.529044 0.495172 0.565152 0.588247 0.582672 0.519862 0.494078 0.541473 0.544117 0.522509
0.780433 0.886983 0.954051 0.964795 0.924691 0.924292 0.840453 1.025253 0.963200 1.003789 0.937276 0.999775 0.623274 0.654132 0.797259 0.828586 0.897826 0.734987 0.993179 0.843193 0.548281 0.907808 1.024156 0.998811 0.915710 0.954689 0.814847 0.911894 0.730144 0.947218 0.811516 0.895803 0.877620 0.771600 0.825338 0.894420 0.950847 0.978629 0.964010 0.992971 0.858084 1.043675 0.995948 0.945770 0.922977 0.992606 0.605469 0.533484 0.850439 0.822037 0.640122 0.555162 0.693981 0.531236 0.856769 0.782639 0.798644 1.093212 1.089086 0.767570 0.726274 0.711705 0.750802 0.570593 0.537141 0.734889 0.827722 0.878850
0.817207 0.820044 0.737509 0.690833 0.762966 0.833817 0.765458 0.893019 0.957597 0.777141 0.857354 0.777787 0.697099 0.628000 0.704975 0.671259 0.733918 0.621380 0.836136 0.781346 0.505605 0.806590 0.830468 0.777967 0.784115 0.870098 0.735275 0.814323 0.687995 0.767061 0.720534 0.735172 0.717530 0.713047 0.669828 0.831892 0.765441 0.680282 0.788614 0.821620 0.726020 0.808322 0.846217 0.775452 0.788367 0.731232 0.655401 0.510936 0.734495 0.658139 0.647322 0.492610 0.581751 0.510990 0.782639 0.751089 0.869510 0.876012 0.925879 0.627293 0.673840 0.559112 0.572026 0.570964 0.538600 0.691572 0.714383 0.757741
0.792288 0.802008 0.796194 0.770922 0.828916 0.829827 0.730655 0.916766 0.975282 0.841590 0.877257 0.887623 0.649597 0.630943 0.747576 0.732692 0.795642 0.696576 0.926763 0.772668 0.511966 0.808996 0.887516 0.869897 0.778783 0.847439 0.822800 0.809254 0.702082 0.850180 0.690427 0.773023 0.824471 0.805412 0.790548 0.814443 0.798593 0.814737 0.854377 0.843343 0.796755 0.925098 0.968337 0.825850 0.853557 0.843933 0.591495 0.539499 0.813522 0.783786 0.604475 0.521380 0.595844 0.520298 0.798644 0.869510 0.782834 0.899012 0.926365 0.656918 0.633673 0.592875 0.598394 0.611867 0.594460 0.742997 0.813268 0.762933
0.795810 0.965972 0.988942 0.994513 0.940562 1.038332 0.895993 1.115338 1.024191 1.026290 1.026724 1.047986 0.704050 0.686937 0.836317 0.843486 0.912876 0.747952 1.160957 0.918885 0.558053 0.997493 1.218118 1.154314 1.036148 1.074201 0.915494 0.985892 0.853490 1.133365 0.867651 0.890940 0.946405 0.953668 0.834253 0.967557 1.064400 1.007244 1.037227 1.145676 0.900106 1.202254 1.120622 1.008980 1.024006 1.071420 0.712803 0.554726 0.911798 0.809671 0.669219 0.603598 0.725463 0.533164 1.093212 0.876012 0.899012 0.926023 1.275306 0.810198 0.766086 0.754972 0.769896 0.619735 0.562466 0.763750 0.865123 0.941979
0.955024 1.046031 1.014187 1.035881 0.969147 1.117241 0.994809 1.237858 1.208707 1.039998 1.078822 1.098004 0.839643 0.758324 0.800076 0.835934 0.992154 0.702355 1.083170 0.972279 0.523081 1.024986 1.170356 1.122378 1.024539 1.082862 0.922407 1.070213 0.860434 1.137218 0.831785 0.912488 0.884870 0.928452 0.850878 1.059804 1.006111 0.959332 0.994274 1.110768 0.906115 1.128389 1.097964 0.970795 1.053855 0.997547 0.776437 0.559951 0.938732 0.774123 0.695650 0.561290 0.764327 0.529044 1.089086 0.925879 0.926365 1.275306 0.948702 0.801293 0.774328 0.701554 0.726006 0.616118 0.530976 0.798730 0.825357 0.930299
0.628801 0.683998 0.678770 0.720723 0.661689 0.731766 0.691811 0.786637 0.746176 0.693367 0.690168 0.699082 0.621415 0.654763 0.638048 0.628923 0.636708 0.573332 0.713227 0.639176 0.493480 0.710118 0.739286 0.771172 0.651503 0.754808 0.684936 0.684341 0.636346 0.719781 0.606609 0.652267 0.623803 0.643305 0.604288 0.683703 0.719418 0.658789 0.704181 0.704632 0.671965 0.717091 0.709237 0.688280 0.674297 0.654633 0.590929 0.509957 0.654427 0.582240 0.611777 0.552676 0.612736 0.495172 0.767570 0.627293 0.656918 0.810198 0.801293 0.676386 0.650457 0.665230 0.602562 0.511050 0.536445 0.614733 0.663961 0.704685
0.599313 0.716448 0.717981 0.679265 0.671638 0.764318 0.707194 0.736218 0.758311 0.668123 0.692954 0.662623 0.608009 0.624932 0.615536 0.673626 0.675593 0.640944 0.686013 0.707957 0.506174 0.693457 0.724862 0.671321 0.683960 0.685488 0.692410 0.710290 0.628637 0.721157 0.659014 0.691861 0.619733 0.629757 0.635979 0.725229 0.739916 0.673887 0.726064 0.741799 0.661936 0.722831 0.773494 0.662465 0.714860 0.701940 0.628791 0.591444 0.645604 0.681338 0.584930 0.548602 0.594435 0.565152 0.726274 0.673840 0.633673 0.766086 0.774328 0.650457 0.674235 0.611458 0.621762 0.513771 0.554893 0.562335 0.593972 0.609056
0.483691 0.593998 0.639894 0.672154 0.595786 0.763267 0.675633 0.675655 0.605595 0.672849 0.600727 0.611937 0.598583 0.540262 0.583667 0.565030 0.557485 0.539208 0.723160 0.609451 0.580410 0.680981 0.803375 0.698661 0.748276 0.659689 0.639641 0.632823 0.712763 0.716780 0.658402 0.617186 0.543560 0.604232 0.498385 0.590549 0.662880 0.656598 0.630782 0.812412 0.664076 0.707209 0.611715 0.663871 0.673850 0.625913 0.602294 0.602465 0.629517 0.539628 0.595318 0.493447 0.646428 0.588247 0.711705 0.559112 0.592875 0.754972 0.701554 0.665230 0.611458 0.646673 0.781136 0.578000 0.476574 0.563231 0.577424 0.687319
0.511169 0.568351 0.681960 0.676944 0.627697 0.781247 0.734565 0.633249 0.629239 0.662311 0.650025 0.605830 0.648172 0.571335 0.562919 0.563894 0.583423 0.562739 0.719796 0.596017 0.580537 0.713811 0.824242 0.738330 0.712076 0.674300 0.603329 0.657979 0.778693 0.735819 0.739168 0.640193 0.547039 0.611535 0.495264 0.616569 0.703389 0.664736 0.655158 0.823282 0.673084 0.726137 0.658509 0.676711 0.689610 0.617386 0.671146 0.597014 0.625493 0.534669 0.585624 0.522692 0.567172 0.582672 0.750802 0.572026 0.598394 0.769896 0.726006 0.602562 0.621762 0.781136 0.655450 0.565972 0.494869 0.536707 0.538527 0.714503
0.643247 0.565526 0.669175 0.601752 0.685063 0.534597 0.530943 0.610707 0.654622 0.663596 0.640747 0.688846 0.578619 0.531372 0.640293 0.642205 0.555303 0.565678 0.652703 0.577758 0.514960 0.592971 0.622635 0.628228 0.555684 0.588104 0.623142 0.581717 0.546118 0.621245 0.544386 0.597514 0.640508 0.604460 0.636331 0.585885 0.645881 0.641356 0.648579 0.588652 0.566316 0.630885 0.657149 0.640761 0.620293 0.665832 0.510263 0.519386 0.619431 0.613603 0.528658 0.487779 0.573325 0.519862 0.570593 0.570964 0.611867 0.619735 0.616118 0.511050 0.513771 0.578000 0.565972 0.606155 0.521298 0.664509 0.587605 0.639886
0.566087 0.528731 0.590100 0.542554 0.606029 0.485234 0.476523 0.550999 0.575357 0.587641 0.583738 0.595267 0.477776 0.542429 0.585625 0.617904 0.561787 0.631433 0.562531 0.556897 0.491514 0.578860 0.528040 0.574208 0.533140 0.579232 0.583712 0.562712 0.470816 0.495171 0.558033 0.521510 0.614688 0.507699 0.628073 0.552891 0.569802 0.631491 0.613640 0.543652 0.556154 0.565302 0.601551 0.573566 0.573002 0.610249 0.400911 0.485097 0.573550 0.639295 0.475304 0.478680 0.514673 0.494078 0.537141 0.538600 0.594460 0.562466 0.530976 0.536445 0.554893 0.476574 0.494869 0.521298 0.560175 0.570763 0.614863 0.540806
